00010010100000 
00010011110001 
00111110100101 
00100100010100 
00000101011100 
00000100100011 
00000101001000 
00111101100101 
00000101100011 
00000101100011 
00000101100111 
00000101100111 
00000101101001 
00000101101011 
00000101110000 
00000101110011 
00000101110011 
00000110010100 
00001011110101 
00001111110011 
00101001100001 
00101011000001 
00010010100000 
00001011111100 
00001010111010 
00001101011010 
00001000110011 
00001001110000 
00001001101011 
00001101101010 
00001001110110 
00001001111011 
00001001111110 
00001111011010 
00001010111010 
00001010100111 
00001010100111 
00001010101001 
00001010101101 
00001010111011 
00100001010110 
00001011010011 
00010000111010 
01000001010011 
00001100101000 
00001100010110 
00001011110100 
00001110010011 
00001011111001 
01000001010111 
00001011100101 
00001011101011 
00001011101100 
00001100011011 
00100001010111 
00001100011011 
00011100110101 
00001101101010 
00010001101000 
00010000011000 
00001110011011 
00001100110100 
00100111000011 
00101001011100 
00100101000110 
00100100111111 
00101011110100 
00001100111001 
00001100111101 
00001100111101 
00001101000110 
00001101000111 
00001101001101 
00001101100110 
00100111100100 
00001111110011 
00001101100110 
00100001010110 
00001101100110 
00001101101100 
00001101110110 
00001101110110 
00001101110110 
00001110000110 
00010000110101 
00001110001001 
00001110001101 
00001111110100 
00001110011100 
00001110011101 
00001110011110 
00101001111011 
00001111110110 
00010000110101 
00010000011000 
00001110110100 
00001111000110 
00001111010111 
00001111010111 
00001111010111 
00001111011111 
00001111100000 
00010000100101 
00010010011010 
00001111111100 
00010000101011 
00001111111011 
00010000011001 
00010000000011 
00010000000101 
00010000000101 
00010100001000 
00100110010111 
00010010011010 
00100110011000 
00010000100010 
00010000111100 
00100110111111 
00110111110101 
00010000100110 
00100101000110 
00010000101000 
00010000101110 
00111010010110 
00101000110011 
00010001000100 
00010001000111 
00101000101000 
00010001000111 
00101000001010 
00101000001011 
00011101101001 
00010001000000 
00010001000110 
00010001000110 
00101000011001 
00010001001010 
00010001001010 
00010001100100 
00010001111010 
00010011101001 
00010001101011 
00010001101011 
00101001110001 
00010001111101 
00010001111011 
00010001111101 
00010010000100 
00010010001111 
00010010001111 
00010010001111 
00010010001111 
00010010011110 
00010010010101 
00111111000100 
00010010011110 
00100010100110 
00101001011010 
00010010110010 
00010010110100 
00101010111001 
00010010111010 
00010011000000 
00010011000111 
00010011000111 
00010011001110 
00010011010100 
00010011011000 
00011001001010 
00010011011101 
00010100000011 
00100010101000 
00110101110100 
00010100000011 
00101011111110 
00010100010101 
00010100100011 
00010100101101 
00010100101101 
00010100110110 
00010100110110 
00010100111110 
00011001001010 
00011001001100 
00101010111001 
00011010011001 
00110010111000 
00011011100011 
00011100011010 
00011100011010 
00011110000100 
00011100011010 
00110010111000 
00101001111000 
00100001011000 
00101010111001 
00011110000100 
00011111010010 
00110000000101 
00101000010011 
00100111000000 
00101001110001 
00100010101011 
00110011110101 
00100111000000 
00100101000101 
00101010101101 
00101000001111 
00100011111011 
00101000100010 
00100110110110 
00100101000101 
00110101110101 
00100101110111 
00100101000101 
00100100011111 
00100100100000 
00100100100100 
00100101101000 
00100101001011 
00100101100010 
00100110001110 
00101000100010 
00100110001110 
00101001110011 
00100101100010 
00100110011001 
00101100001101 
00100110001001 
00100110010001 
00110010110110 
00101010111001 
00100110011011 
00111010010110 
00100110111011 
00100110111111 
00101001100100 
01000001011111 
00111001110110 
00100110111001 
00101001110111 
00101000100010 
00100111010110 
00101010101100 
00110100001000 
01000000000101 
00101011001100 
01000001010100 
00101000000111 
00101000000111 
00101000000111 
00111100010101 
00101110010101 
00101000010001 
00101011010010 
00110101000110 
00111011000111 
00101000100110 
00101011010010 
00101010101100 
00111111000100 
01000001010101 
00101011111110 
00101001111101 
00101011111110 
00101001101101 
00101001111110 
00101010111100 
00101010111011 
00101001110101 
00110100000111 
00110110010101 
00101111101011 
00101010111011 
00101101000100 
00101011001010 
01000010110001 
00110100001010 
00101100010111 
00101100011100 
00110010111000 
00101101001001 
00101101000110 
00101101000111 
00101101101011 
00101101001110 
00101101101011 
00111000011111 
00111001000111 
00101111101001 
00101110101101 
00101110101101 
00110001011010 
00111010010100 
00111001001001 
00111101100001 
01000000011011 
00110000001100 
00111100010101 
00110000111011 
00110000111101 
00110001011011 
00111010001110 
00110001101000 
00110010001011 
00110010001011 
00110010001100 
00110010100101 
00110010100101 
00110010111011 
00110010111011 
00110101110010 
00110101110110 
00110011010101 
00110011011000 
00110101110101 
00111000100000 
00110100100110 
00110101001000 
00110110010100 
00111111000100 
00110110010100 
00110110010100 
00110101011101 
01000100111110 
01000000000101 
01000001100111 
00111001001001 
00110101111100 
00110101111100 
00110101111111 
00110110001001 
00110110001010 
00110110010000 
00110110011100 
00111001101010 
00110111000111 
00111110101110 
01000100111111 
00110111001001 
00110111111100 
00110111111100 
00110111111100 
00110111001110 
00110111101000 
00110111101000 
00110111011001 
00110111011001 
00110111011001 
00110111101000 
00110111011111 
00110111100010 
00110111100011 
00111010001110 
00110111101110 
00110111101110 
00111000011111 
00110111101111 
00110111110100 
00111000010100 
00110111111100 
00111000011000 
00111110100101 
00111000010101 
00111000010111 
00111000011001 
00111000011100 
00111000011100 
00111000011100 
00111000110100 
00111000100110 
00111000101001 
00111000101111 
00111000110100 
00111000111011 
00111001000000 
00111001110111 
00111001100100 
00111001001011 
00111001101110 
00111001101001 
00111001110111 
00111100011110 
00111001111010 
00111001111010 
00111001111010 
00111011001100 
00111011000001 
00111011101000 
00111011000110 
00111011001100 
00111100011000 
00111101111000 
01000000011001 
00111100010111 
01000100111101 
00111100001100 
00111100001100 
01000001100110 
00111110101001 
01000110001010 
00111100010100 
00111100110000 
00111100101110 
00111101100111 
00111101100111 
00111100111010 
00111100111011 
00111101010110 
00111101011011 
00111110110001 
00111101011101 
01000001001101 
00111110110001 
00111101111011 
00111110100100 
00111110000101 
00111110000101 
00111110001011 
00111110100111 
00111110111010 
00111111110111 
00111111110111 
00111110111010 
00111110111101 
00111111000111 
00111111010010 
00111111010101 
01000000000011 
01000000000011 
00111111111111 
01000000011111 
01000000010001 
01000001100011 
01000000100110 
01000110001100 
01000010100100 
01000001001111 
01000001110001 
01000001011100 
01000001011011 
01000001101011 
01000001101000 
01000100111101 
01000001101000 
01000001101010 
01000010110010 
01000011000111 
01000010011101 
01000010011101 
01000010100111 
01000110001110 
01000010101011 
01000010101011 
01000010101011 
01000010101111 
01000010110101 
01000110001110 
01000010111001 
01000010111110 
01000011000000 
01000011000001 
01000011000010 
01000110001011 
01000011000101 
01000100000010 
01000100000000 
01000110001001 
01000100010110 
01000110001001 
01000110001110 
01000110100011 