00000011110111
00000100001100
00000100010001
00000100010011
00000100011100
00000100011101
00000100011111
00000100100010
00000101011011
00000101011100
00000101100010
00000101100011
00000101100110
00000101101010
00000101101101
00000101101111
00000101110010
00000110000111
00000111000111
00000111010010
00000111010110
00000111100010
00001000010111
00001000011000
00001000011001
00001000100011
00001000110010
00001001101001
00001001101010
00001001110010
00001001110011
00001001111010
00001001111100
00001010000010
00001010000011
00001010100100
00001010100101
00001010100111
00001010101010
00001010111000
00001010111010
00001011000010
00001011000011
00001011000100
00001011000110
00001011001010
00001011001100
00001011001101
00001011010010
00001011010101
00001011100100
00001011100101
00001011101011
00001011110101
00001011110110
00001011110111
00001011111000
00001011111011
00001011111100
00001100000110
00001100000111
00001100001000
00001100010011
00001100010100
00001100010110
00001100011100
00001100011101
00001100110110
00001100111001
00001100111100
00001101000100
00001101000110
00001101001011
00001101001101
00001101010111
00001101011001
00001101100010
00001101100100
00001101100101
00001101101011
00001101110011
00001101110100
00001101110101
00001110000001
00001110000100
00001110000110
00001110001001
00001110010100
00001110010110
00001110011100
00001110011101
00001110100110
00001110100111
00001110101000
00001110101001
00001110110011
00001111000101
00001111001001
00001111010001
00001111010010
00001111011110
00001111011111
00001111100100
00001111101011
00001111110001
00001111110111
00001111111000
00001111111010
00010000000010
00010000000011
00010000000100
00010000010100
00010000010110
00010000010111
00010000011000
00010000011001
00010000011011
00010000011101
00010000011111
00010000100010
00010000100100
00010000100111
00010000101000
00010000101011
00010000101100
00010000110000
00010000110001
00010000110011
00010000110100
00010000110111
00010000111000
00010000111001
00010000111101
00010001000000
00010001000010
00010001000100
00010001000111
00010001001001
00010001100011
00010001100111
00010001101000
00010001101001
00010001101010
00010001101101
00010001111001
00010001111010
00010001111011
00010010000011
00010010001000
00010010001001
00010010001011
00010010001101
00010010010001
00010010010010
00010010010011
00010010010101
00010010010111
00010010100000
00010010110001
00010010110011
00010010111000
00010010111001
00010010111011
00010011000001
00010011000110
00010011001100
00010011010001
00010011010111
00010011011010
00010011011100
00010011100110
00010011110000
00010011110001
00010100000010
00010100001000
00010100010100
00010100100010
00010100101011
00010100101100
00010100110100
00010100110101
00010100111001
00010101000000
00011001001010
00011001001011
00011010010100
00011010011011
00011011100010
00011011100100
00011011100101
00011100011000
00011100011001
00011100110101
00011101100111
00011101101010
00011101101011
00011110000010
00011110000101
00011110110110
00011110110111
00100001010111
00100001111000
00100010100101
00100010100110
00100010100111
00100011000011
00100011001000
00100011001001
00100011110100
00100011110111
00100011111000
00100011111010
00100100010100
00100100011000
00100100011001
00100100011011
00100100011111
00100100100011
00100100111111
00100101000100
00100101000101
00100101000110
00100101000111
00100101001000
00100101001001
00100101001010
00100101101000
00100110000100
00100110001000
00100110001001
00100110001111
00100110010000
00100110010011
00100110010110
00100110010111
00100110011000
00100110011001
00100110110011
00100110110100
00100110110110
00100111001011
00100111001100
00100111001110
00100111010100
00100111011000
00100111011111
00100111100011
00100111100100
00100111100110
00100111101000
00100111101001
00101000000100
00101000001000
00101000001001
00101000001110
00101000011100
00101000100000
00101000100001
00101000100011
00101000101000
00101001010100
00101001011010
00101001011101
00101001011110
00101001100111
00101001101000
00101001101101
00101001101110
00101001101111
00101001110000
00101001111001
00101010101010
00101010101110
00101010110110
00101011000110
00101011001000
00101011001001
00101011010010
00101100010100
00101100010111
00101100100010
00101100100100
00101100100101
00101101000011
00101101000100
00101101001010
00101101100101
00101101101010
00101101110010
00101110010100
00101110011010
00101110011011
00101110111010
00101111101010
00101111101011
00101111101100
00110000000101
00110000001001
00110000001010
00110000111001
00110000111100
00110001011001
00110001011010
00110001100111
00110001101001
00110010001010
00110010001011
00110010001100
00110010100100
00110010101010
00110010110101
00110010110110
00110010111000
00110011010011
00110011010110
00110100001000
00110100001010
00110100100101
00110101000111
00110101010110
00110101010111
00110101011000
00110101011001
00110101011100
00110101110011
00110101110100
00110101110101
00110101110110
00110101111010
00110101111011
00110101111110
00110110001000
00110110001001
00110110001110
00110110010110
00110110100111
00110110101011
00110111000010
00110111000101
00110111001000
00110111001001
00110111001010
00110111001011
00110111001100
00110111001110
00110111010000
00110111010110
00110111010111
00110111011000
00110111011100
00110111011101
00110111100001
00110111100010
00110111100111
00110111101010
00110111101011
00110111101101
00110111101110
00110111101111
00110111111001
00110111111010
00111000010001
00111000010011
00111000010100
00111000010110
00111000011000
00111000011001
00111000011010
00111000011011
00111000011110
00111000100010
00111000101000
00111000101010
00111000101011
00111000111001
00111000111011
00111000111110
00111001000100
00111001001010
00111001100011
00111001100111
00111001101010
00111001110001
00111001110111
00111001111000
00111001111001
00111010001101
00111010001110
00111010010110
00111010010111
00111011000000
00111011000110
00111011001101
00111011011100
00111011100101
00111011101001
00111100000110
00111100000111
00111100001000
00111100001010
00111100010001
00111100010010
00111100100110
00111100101000
00111100101011
00111100101100
00111100111001
00111100111010
00111101010100
00111101011001
00111101011010
00111101011100
00111101101000
00111101101001
00111101101011
00111101111111
00111110000000
00111110000001
00111110001010
00111110100100
00111110101000
00111110101001
00111110110001
00111110111000
00111110111010
00111111000000
00111111000111
00111111010010
00111111111010
00111111111011
00111111111101
01000000001001
01000000001101
01000000010100
01000000010111
01000000011001
01000000011111
01000001001100
01000001010011
01000001011001
01000001011010
01000001011101
01000001100001
01000001100110
01000001100111
01000001101001
01000001110011
01000010010101
01000010011001
01000010011100
01000010100011
01000010100100
01000010100111
01000010101000
01000010101010
01000010101110
01000010110000
01000010110011
01000010111000
01000010111011
01000010111111
01000011000000
01000011000001
01000011000011
01000011000100
01000011101110
01000011111111
01000100000011
01000100010011
01000100111100
01000110001011
01000110100010