00000000000100 
00000001011001 
00000000101000 
00000100101011 
00001000011011 
00010011111110 
00001001110001 
00000111011010 
00000011011110 
00000110001110 
00000100110010 
00001110110100 
00000010011011 
00000010011011 
00001011000100 
00000010010011 
00000010001101 
00000101111101 
00010011111110 
00001101111111 
00001000011011 
00000001001110 
00000010001101 
00000101111100 
00000001011010 
00000010101111 
00000001111111 
00000010001010 
00000010001010 
00010011111110 
00000111100010 
00001100110000 
00000101111111 
00000010001111 
00000010010001 
00000101111100 
00001001111110 
00000010010101 
00000010011011 
00000010011011 
00000010011011 
00001011000100 
00000011011110 
00001001111110 
00000101111101 
00001100111110 
00010001001011 
00001010100011 
00000100110010 
00000011101110 
00000101111100 
00000010110000 
00000100000101 
00001010000101 
00001010000101 
00001010000101 
00001111110110 
00010001001011 
00001000011011 
00010011111110 
00000100111100 
00000111010100 
00000100101101 
00000100101110 
00000100110011 
00000011101100 
00001110110100 
00000110000101 
00000110000101 
00001011000010 
00000100101101 
00000110001110 
00000101111101 
00001000011011 
00010011111110 
00000101111101 
00000110001110 
00000101111100 
00000101111100 
00000100000110 
00000101011100 
00001010100000 
00001010100000 
00001010100000 
00000100101011 
00001101010110 
00000100110011 
00000100110011 
00000110000100 
00000111010010 
00000100110010 
00000100111101 
00010000001010 
00000110000101 
00000110000101 
00000110000101 
00001000100010 
00001001110001 
00001000101111 
00001010100011 
00001100111110 
00001100111110 
00000101111101 
00000110001110 
00000101111100 
00000101111100 
00000101111010 
00000101111010 
00001010000010 
00001010000010 
00001010000010 
00000110010000 
00000111001100 
00000111001100 
00010000000011 
00010001011011 
00001000011011 
00001000101111 
00000110000010 
00001011000100 
00000110000101 
00000110000101 
00001000011111 
00000110001101 
00000110001111 
00001010100011 
00010001001011 
00001100111110 
00001010110110 
00001000100011 
00000111010010 
00001001101100 
00000111001001 
00001000010110 
00000111001010 
00000111001010 
00000111001010 
00001010000101 
00001000001011 
00000111011100 
00000111010001 
00001000100010 
00000111010011 
00000111010011 
00011011011101 
00001011001010 
00001110110100 
00001110110100 
00001110110100 
00001100001100 
00001000011101 
00001101101110 
00001010100011 
00010001001011 
00001010100011 
00001000101111 
00001000100011 
00001001101100 
00001001101100 
00001000010111 
00001000110001 
00001010000010 
00000111100100 
00001000111001 
00001000001000 
00001000010101 
00001000011001 
00001000011001 
00001000010111 
00001000011000 
00001000011001 
00001000110000 
00001001001110 
00001000111011 
00011011011101 
00001011000100 
00001100010010 
00001101101110 
00001000101111 
00001000100100 
00010010011111 
00001110110100 
00001110110100 
00001001101111 
00001100010010 
00001000101110 
00001010110110 
00001100111110 
00010001001011 
00001010111100 
00001101101110 
00001000101110 
00001011101110 
00001001101100 
00001001001110 
00001010000100 
00001010000011 
00010100111110 
00001001001110 
00001000111010 
00001001000011 
00001001001100 
00001010100001 
00001001001100 
00001010010001 
00001010011111 
00001011100010 
00001001011111 
00001001100101 
00001010110111 
00001010110111 
00001011100010 
00001111001010 
00001011001110 
00010001001011 
00001101111111 
00001100100011 
00001100100011 
00001001110010 
00001100010001 
00001011010011 
00010000000011 
00001110110100 
00001110110100 
00001110110100 
00001110111010 
00011011011101 
00001100010001 
00001001111111 
00001010111100 
00001101111111 
00001001111111 
00001011010011 
00001110110001 
00001110110001 
00001110110001 
00001010011001 
00001010010010 
00011110000011 
00001010110111 
00010000100011 
00001110001111 
00001010011100 
00001100000100 
00001100000111 
00001010011011 
00001011100000 
00010000100011 
00001010011110 
00001011010100 
00001101000011 
00001010100100 
00001100111111 
00001111111010 
00001100000101 
00001100111111 
00001100000100 
00001111001111 
00001110001111 
00001100000111 
00001011010010 
00100111010000 
00101101111101 
00010001001011 
00001011001111 
00001110111010 
00001100011010 
00001101101101 
00001100010011 
00001100010001 
00001100000101 
00001110110100 
00001110110100 
00001110110100 
00001100010100 
00001101100011 
00001100010001 
00001100001000 
00001100100100 
00010011111110 
00010001011111 
00001011010011 
00001011101110 
00001011101110 
00001110110001 
00001011010010 
00001101000000 
00011001000011 
00001100101110 
00001100110111 
00010000100011 
00001111110110 
00001100000111 
00001011100100 
00010000100011 
00001100000111 
00001101000001 
00001110001101 
00010000100111 
00001011101111 
00011111010110 
00001011110010 
00011111000111 
00010000001010 
00001111110110 
00001011110100 
00011010000001 
00001110001101 
00001110000101 
00001110001101 
00001101000000 
00001111010111 
00010010100110 
00001100110110 
00010001011111 
00100100100010 
00010010011101 
00001110111100 
00001110111100 
00001101101101 
00010001010011 
00001101101101 
00100010001010 
00001110110001 
00010001010001 
00001110110100 
00001110110100 
00001110110100 
00010111111110 
00010001001100 
00001100011110 
00010001011111 
00001100111110 
00001100100100 
00001101100010 
00001100011101 
00100010001010 
00010010100110 
00010010100110 
00001101000000 
00001110010010 
00010000010000 
00001110010010 
00001101110011 
00010010110010 
00001111100100 
00001111110110 
00001110000110 
00001100110010 
00001100110110 
00001110000010 
00010001011011 
01001000111100 
00001111001010 
00010010011101 
00111111111000 
00001100111111 
00001101000010 
00001101010101 
00100000010111 
00001110001011 
00001110110010 
00001101000010 
00001101000101 
00001101000101 
00001110000010 
00001110001011 
00001111001010 
00001101010100 
00010101100100 
00001101111111 
00001110000101 
00001101011110 
00010010111100 
00101000111101 
00010001001011 
00001110110010 
00011011011101 
00011011011101 
00001101101110 
00001111111100 
00100010001010 
00001110111010 
00010010011111 
00010010011111 
00010010011111 
00101011110010 
00100010001010 
00001101101110 
00010001011111 
00001101111111 
00010111101110 
00010000001110 
00001110111100 
00100010001010 
00010010100110 
00010010100110 
00001110100110 
00001110111010 
00001110111010 
00010010110001 
00101010011001 
00001110010101 
00001110001110 
00001111010010 
00010000101000 
00010001001011 
00001110010010 
00001111010011 
00001111010110 
00010000101000 
00001110010010 
00001111110110 
00001111110110 
00010000000011 
00001110010101 
00001110101001 
00010000101000 
00001110001110 
00001110010001 
00001111010111 
00001110010001 
00010010010011 
00010010010011 
00010000101111 
00010010110001 
00010010011010 
00010000001101 
00010000100111 
00011110000011 
00011111000000 
00011010100111 
00001111001110 
00001111111100 
00001110110100 
00101011110010 
00010001001100 
00010000001110 
00001110111011 
00001110110100 
00010010011111 
00010010011111 
00010010011111 
00010000000011 
00100010001010 
00010000001101 
00010001011111 
00010001001011 
00001111100000 
00001111000000 
00010001001100 
00100010001010 
00010010100110 
00010011010001 
00010011100101 
00010001011111 
00010000010010 
00001111100011 
00001111010001 
00001111011110 
00001111001011 
00010000100000 
00010000011011 
00001111010010 
00010000010100 
00100001010010 
00010000011001 
00010000100111 
00010000010010 
00001111010110 
00010000011011 
00010001111010 
00001111110101 
00010001111010 
00010011010010 
00110100110110 
00010000010100 
00010000010100 
00011010111100 
00001111100010 
00010101100000 
00110100110010 
00010000110100 
00010000010100 
00100010001010 
00111110101010 
00010000101011 
00010010010110 
00111101100001 
00010010011000 
00010000001101 
00010000110000 
00010111111110 
00010000000001 
00011010100111 
00010010101100 
00010001110011 
00010000000001 
00010010011111 
00010010011111 
00010010011111 
00011010100111 
00010100000010 
00010000001100 
00010000001110 
00010001011110 
00010011111110 
00010000010001 
00010001110011 
00100010001010 
00100010001010 
00100010001010 
00010000010100 
00010001100000 
00010000010101 
00010000101110 
00010011100101 
00010000011001 
00010000110100 
00010001101001 
00010001101001 
00010000100000 
00010000100001 
00010010010110 
00100001010010 
00010011001110 
00010001000110 
00010000101000 
00010000101010 
00010011111110 
00010000101110 
00010001101111 
00010100100001 
00010100101100 
00010001000001 
00010100010001 
00010011111101 
00100000010111 
00110001001101 
00010010101101 
00010001111011 
00010000111111 
00010001001100 
00011000110001 
00010001100010 
00010100101100 
00110011101010 
00110000011101 
00011010101111 
00011000101100 
00010010101010 
00010110000011 
00010010101001 
00010001010000 
00010010100101 
00010010101001 
00010010011111 
00010010011111 
00010010011111 
00010110000011 
00010010100111 
00010001011100 
00010010000010 
00010101001110 
00010111101110 
00010001011110 
00010001110011 
00010100111011 
00100010001010 
00100010001010 
00100010001010 
00010100100001 
00010010010100 
00010001101111 
00100010001101 
00010010101100 
00010001101001 
00010001110010 
00010010010011 
00010001101111 
00010001111110 
00010010111000 
00010001110001 
00010010010011 
00101010000010 
00011111000111 
00010010010110 
00010011011100 
00010100001010 
00010001111010 
00010100111110 
00011010101111 
00010010110100 
00010010110010 
00010010001100 
00100000111010 
00010011000010 
00010011000111 
00010010010011 
00010100001000 
00010011111011 
00010010100111 
00010010010101 
00010010010110 
00010010100010 
00011010001000 
00011011100011 
00010010100100 
00010010101101 
00110101110000 
00110101110000 
00011011011101 
00010010100101 
00010010101100 
00100000111010 
00010010101001 
00010010110011 
00010110010011 
00110010000010 
00010010100111 
00011000111100 
00010010101110 
00010101001110 
00010011111110 
00010010101110 
00010010101101 
00100010001010 
00010111100000 
00010111100000 
00010111100000 
00010011001110 
00010011001101 
00010011001110 
00010011101010 
00010100111100 
00010011110010 
00011011011111 
00011000111100 
00100010111010 
00111101100001 
00010100011101 
00010110011101 
00010100101100 
00010011001100 
00010011000101 
00010011010100 
00010011110010 
00010011011111 
00010100101110 
00010101011111 
00010101100001 
00010101000101 
00010011001110 
00010011010000 
00010101101101 
00010101110001 
00011101101111 
00010101101101 
00010011100000 
00010011011111 
00010100000110 
00010101110001 
00010100000000 
00010011100001 
00010100101100 
00101010000010 
00011000101110 
00010011110000 
00010111101110 
00011011010001 
00101111011000 
00010011111110 
00010110011110 
00101011110010 
00010101000100 
00010011110000 
00010011110000 
00010011110010 
00010011110010 
00010011110010 
00010100010101 
00010011111101 
00011010101111 
00010011111100 
00010100000100 
00011010101111 
00010100111100 
00010111101110 
00010110010001 
00011000111100 
00100110000011 
00010111100000 
00010111100000 
00010111100000 
00010100100000 
00010111110101 
00010101000101 
00010100100000 
00010100100000 
00010110101101 
00010100001011 
00010101011110 
00110010010100 
00010100010001 
00010100011111 
00010110000010 
00010101011110 
00010100111011 
00010111011001 
00010100011010 
00010110111010 
00010110111010 
00010100111001 
00010100101110 
00011101000010 
00010101000011 
00010100100000 
00010100100001 
00010100100011 
00010100101011 
00010101001010 
00010100101100 
00011111100111 
00010110110001 
00010101010011 
00010100111111 
00010100110010 
00010111000001 
00010101010011 
00101001110000 
00010100111001 
00010100110110 
00010100111000 
00010101010000 
00010101000011 
00010101000101 
00010101101010 
00010101010110 
00010110000101 
00010111001111 
00010101010000 
00010101000010 
00010101110001 
00010101110001 
00010101110001 
00010101110001 
00010110101101 
00010110101101 
00010110101100 
00010101001100 
00010110011100 
00010101001110 
00010110010001 
00010110011001 
00010111100000 
00010111100000 
00010111100000 
00010111100000 
00011001001001 
00010101111011 
00010110000101 
00010110000101 
00010101111011 
00010110101101 
00010101011100 
00010101011100 
00010101110011 
00011101110111 
00110000011101 
00100100100011 
00011011011101 
00010110100000 
00010110100000 
00101010011000 
00010111100100 
00010110010011 
00100010101111 
00010110100001 
00011110000011 
00010111011001 
00010101101101 
00010101110001 
00011001001001 
00010111011001 
00010110101101 
00010110111101 
00010110100100 
00010111001111 
00100001101000 
00011010001011 
00010111011001 
00010110000011 
00010110111010 
00111110101010 
00010110011100 
00100001010010 
00010110101010 
00010110001000 
00010110101100 
00010110011101 
00010110001111 
00010110001100 
00010110001100 
00010110101111 
00100010011001 
00011001111011 
00010110010011 
00110101110000 
00100000111010 
00011011011111 
00011010010110 
00010110100010 
00010110101100 
00010111011001 
00010110011011 
00010111010010 
00011000101100 
00010111101011 
00010111100000 
00010111100000 
00100010001010 
00100010001010 
00011010100111 
00101000111111 
00100001100111 
00010110111110 
00010110101001 
00010110101001 
00010110111100 
00010110101010 
00010111001111 
00010111001101 
00010111111000 
00010110101101 
00010111000010 
00010110110000 
00010111110010 
00011000001110 
00101001100001 
00011100001111 
00011101011111 
00100111101110 
00010111100011 
00011010000001 
00110011110101 
00011111101111 
00011101001010 
00010111111000 
00011010001111 
00010111110000 
00011000010000 
00010111011010 
00011010011001 
00010111011001 
00010111110001 
00011000000011 
00010111111000 
00011000001110 
00010111010000 
00011001001111 
00010111111111 
00100010001010 
00100001010010 
00010111010101 
00010111010110 
00011000001110 
00011000010010 
00011100010001 
00010111011011 
00011000010010 
00011010010110 
00100010001010 
00011000101100 
00010111100010 
00100011110011 
00100011110011 
00010111110011 
00011010100111 
00010111101010 
00011011001010 
00010111101101 
00011010001101 
00100010011001 
00011011001011 
00011010001111 
00100101000001 
00100101000001 
00100010001010 
00100010001010 
00010111110001 
00011000010000 
00011000111101 
00011101100000 
00011011001011 
00011000111101 
00011000101001 
00010111111001 
00011010011001 
00011000011110 
00011010000001 
00110001101110 
00011100011111 
00011000000011 
00011001010000 
00011001101110 
00011001010111 
00011000000110 
00011000011011 
00011011100001 
00011001001101 
00011111100010 
00101000011100 
00011001010110 
00011001001110 
00011000101011 
00011000101011 
00011000011011 
00011010101111 
00011010011001 
00011000100101 
00011000011011 
00011001000101 
00011001000100 
00011001001001 
00011000011111 
00011000101001 
00011001110001 
00011000100100 
00011000100100 
00011000100101 
00011001101101 
00011001100010 
00011100110010 
00011100101101 
00100000011100 
00110000101111 
00011110000011 
00111000110110 
00011110000110 
00100101110010 
00100010111011 
00100011110011 
00111011001111 
00100010111100 
00011100101101 
00011000111111 
00011000111110 
00100001010011 
00011010001101 
00011000111100 
00100000011111 
00100101000001 
00100101000001 
00100101000001 
00100010001010 
00011001011010 
00011011100100 
00011001010110 
00100011000010 
00011100001010 
00011001010011 
00011011100110 
00011001010110 
00011100001010 
00011001011100 
00011010011001 
00011100001010 
00011001011100 
00011001011100 
00011010011001 
00011001100011 
00011001110111 
00011011100001 
00011011100001 
00011001100000 
00011010111010 
00011010111010 
00011011100001 
00011010011111 
00011001110010 
00011001101110 
00011101000000 
00011001110001 
00011010100010 
00011001110001 
00011010100001 
00011100001111 
00111101010101 
00100001010010 
00011100001110 
00011001110110 
00011100001110 
00011001111000 
00011010011000 
00011011100100 
00011011011101 
00011110010101 
00011100101011 
00011010000000 
01001000111100 
00011010000011 
00011010000010 
00011010000101 
00011010000011 
00101010111111 
00011100100000 
00100111101110 
00011100110110 
00110000101111 
00100010011001 
00011011111011 
00011010101001 
00100010001010 
00100101000001 
00100101000001 
00100101000001 
00100101000001 
00011011001101 
00011010110100 
00011011100100 
00011010010101 
00100011000010 
00011011001101 
00011010110011 
00100100111100 
00011010011111 
00011010100001 
00011010100001 
00011010011111 
00011010011111 
00011010011111 
00011010011111 
00011011111101 
00011100001010 
00011110100011 
00100010001101 
00100010111011 
00101000011001 
00011011001101 
00011100011010 
00011110000011 
00011011111100 
00100100010101 
00011100010010 
00011100110111 
00111100001010 
00100010001110 
00011100011000 
00011100001110 
00011101011111 
00011101010010 
00101110110001 
00100001010010 
00011110011011 
00011011000101 
00011011100010 
00011011000111 
00011011100001 
00011011001101 
00011011100100 
00011100011000 
00011100000001 
00101101100000 
00101000011100 
00011101000011 
00011011010010 
00011011010010 
00011011010010 
00100111010000 
00100011101100 
00100110101001 
00101110110110 
00110000101111 
00100001010011 
00011101000100 
00011100000010 
00100110000011 
00100101000001 
00100101000001 
00100101000001 
00100101000001 
00011100000101 
00011011100101 
00011011101000 
00101010011001 
00011100101101 
00011111101111 
00011101000001 
00011101011110 
00011011101110 
00011100111110 
00011111011000 
00011101011110 
00011011110110 
00011101001111 
00011100011101 
00101000101000 
00011100110100 
00110010010100 
00011100011110 
00011101101010 
00011100001010 
00011100010100 
00011100110010 
00011100110001 
00011101101010 
00011101001111 
00011100011000 
00100011110011 
00011100100010 
00011111010101 
00110101000001 
00011100010011 
00011100010100 
00011100010101 
00011100111000 
00011100011100 
00011110000100 
00011101001100 
00011101100110 
00011100110001 
00101001100001 
00101000011100 
00110011110101 
00011100100010 
00011100100010 
00011100100010 
00100100000111 
00011111001001 
00101111011000 
00100010001101 
00100110000011 
00100000100011 
00011100101110 
00011101011101 
00100101000001 
00100101000001 
00100101000001 
00100101000001 
00100101000001 
00011101010100 
00011101000000 
00100101011101 
00100000110011 
00110000101111 
00100001001011 
00011101100110 
00011111011000 
00011101100001 
00011110011010 
00100010111010 
00100010110000 
00011101110010 
00011101111000 
00011101010100 
00011110000100 
00011110000100 
00111111111000 
00011110011010 
00011101101001 
00011110000100 
00011101010011 
00111111111000 
00011111001010 
00011110111000 
00011101101101 
00011101100010 
00100010001010 
00011101011110 
00101000011100 
00100000010001 
00011110000100 
00011101100100 
00011110011011 
00011101100100 
00011101100111 
00011111011000 
00011101100111 
00011101101000 
00011101101011 
00011110000101 
00100001001011 
00100011000110 
00111000110110 
00111110100101 
00011111000001 
00011101110010 
00011101110010 
00011101110010 
00101000111111 
00100010101111 
00101100101101 
00100100010101 
00100000100011 
00100000100011 
00100101011101 
00100000011111 
00100110000011 
00100101000001 
00100101000001 
00100101000001 
00100101000001 
00011110000010 
00011110101011 
00100011110011 
00011111101111 
00011110111000 
00011110001000 
00100000110011 
00011111010100 
00011111011000 
00011111011111 
00011110101001 
00111000110110 
00101010111110 
00110011101010 
00111000110110 
00110110000100 
00011110111100 
00011110011010 
00011110111100 
00011110101111 
00011110101101 
00100011000110 
00100100100011 
00011111110010 
00100000110011 
00011111010000 
00100001001011 
00011111101001 
00011110110101 
00100001010010 
00011111011000 
00011110110101 
00011110110101 
00100001001110 
00011110110101 
00011111011111 
00011111010111 
00011110111001 
00100000001010 
00011111101001 
00011111001101 
00011111001010 
00101111001110 
00100111110000 
00011111000010 
00011111000010 
00011111000010 
00101100110101 
00100110011111 
00101001001000 
00110100011000 
00100011110011 
00100000011101 
00100000100011 
00100001000011 
00100001101111 
00100110000011 
00100101000001 
00100110000011 
00100110000011 
00100110000011 
00011111110100 
00100001001011 
00101010011001 
00011111101101 
00100001000000 
00011111100101 
00100111010110 
00011111101011 
00011111101011 
00100000000000 
00100000110000 
00110010010000 
00100101110011 
00100011101100 
00100000111010 
00011111101001 
00110111100110 
00011111101011 
00100000111001 
00101000111101 
00100000001000 
00100001000000 
00100000111001 
00100011000101 
00100000001010 
00101001100001 
00100000000000 
00011111111001 
00100000000101 
00100000001010 
00100010011001 
00100011000101 
00011111111111 
00100000000000 
00100001001110 
00100001001111 
00100000000011 
00100001001110 
00100000000111 
00100000101101 
00100000001001 
00100001110001 
00100000001001 
00100000001010 
00100001001011 
00100110000011 
00100111101110 
00100111010000 
00100111110000 
00100000010010 
00100000010010 
00100000010010 
00101010111111 
00101010010111 
00101111100100 
00100000011011 
00101011110010 
00100010011001 
00100010111101 
00100010111110 
00100001101111 
00100110000011 
00100110000011 
00100110000011 
00100110000011 
00100101000001 
00100000110000 
00100011000101 
00100010111010 
00100011000110 
00100001000001 
00100000110011 
00100000111001 
00100001110100 
00100000111110 
00100111111100 
00100001110010 
00100111111011 
00100001111000 
00100001001100 
00101111011111 
00100110011101 
00100011110111 
00101110110101 
00100001001100 
00100001000000 
00100001011010 
00100011110111 
00100010100101 
00100011000110 
00100010011010 
00100011000110 
00100001001011 
00100001011101 
00100011011110 
00100001001110 
00100001010101 
00100100110000 
00100110000100 
00100010100101 
00100010100111 
00100010100111 
00100001110001 
00100001011000 
00100001011001 
00100001011010 
00100001011100 
00100110000100 
00110000011101 
00100001100111 
00100001100001 
00100001100001 
00100001100001 
00101010111111 
00101001000111 
00110111100110 
00100001101011 
00100001101100 
00100100100000 
00100001101101 
00100010111110 
00100010001010 
00100110000011 
00100110000011 
00100110000011 
00100110000011 
00100010001010 
00100011000101 
00100001110101 
00100111101110 
00100010000000 
00100001111000 
00110000110010 
00100011000100 
00100010001000 
00100111000010 
01000111000000 
00100010000101 
00100010001001 
00100011011000 
00100010011011 
00110111100110 
00101101000001 
00110000011100 
00101010001101 
00100010011101 
00101010011001 
00100010100101 
00100111010110 
00100010011011 
00100110000101 
00100011101010 
00100011011001 
00100011000101 
01000111000000 
00100010111011 
00100111010110 
00100011110101 
00100010100111 
00100011110111 
00100011011100 
00100011000100 
00100011000001 
00101010011010 
00100110101000 
00101100101111 
00100010110010 
00100010110010 
00100010110010 
00100010110010 
00100101111001 
00100011101100 
00101000100011 
00100111111010 
00100010111100 
00100100100000 
00100101011101 
00100010111110 
00100110000011 
00100110000011 
00100110000011 
00100110000011 
00100110000011 
00100100001100 
00100011010101 
00101010000000 
00100011011110 
00110100011000 
00100101111011 
00101110001000 
00100100110010 
00100011011000 
00100111000010 
00101010110101 
00101110101010 
00111000000100 
00100111110000 
00101010110101 
00100011011111 
00100100011100 
00100011100000 
00100011011110 
00100011100001 
00100011100000 
00100011101011 
00100101111011 
00100100011111 
00100111100000 
00100100010100 
00100011111100 
00100110011101 
00100011110111 
00100100100101 
00100110000011 
00100100111101 
00101001111000 
00100100101111 
00100011110100 
00101000110001 
00100111111011 
00100011111000 
00100011110110 
00100011110110 
00100100011101 
00100101111011 
00100100110010 
00100100110010 
00100100111001 
00101001100001 
00111101010101 
00100101110011 
00100100000001 
00100100000001 
00100100000001 
00100100000111 
00100101011000 
00100100111100 
00101000110010 
00100110000011 
00101010000000 
00100101011101 
00100110101110 
00100110000011 
00100101000001 
00100110000011 
00100110000011 
00100110000011 
00100100010110 
00100100100101 
00100100111001 
00110001111001 
00100100110010 
00100111000010 
00100100111100 
00100110001000 
00100100011100 
00100100111000 
00100100101011 
00100111000111 
00101000110001 
00101001000110 
00100111110000 
00100100111010 
00110010010100 
00100100101100 
00100100111010 
00100101111001 
00100100111001 
00100100110100 
00100101001100 
00101110110111 
00100110001000 
00100101100001 
00101000101000 
00100100110110 
00100100111010 
00100110000110 
00100100111011 
00100111010110 
00101011000100 
00100101111101 
00101001001111 
00101011001100 
00101000011001 
00100101000110 
00100101100001 
00100101000110 
00100101000111 
00100101111011 
00100110001000 
00100101001010 
00100110000001 
00110100011000 
00101101111110 
00101111111101 
00100101010001 
00100101010001 
00100101010001 
00110110000100 
00110111100100 
00100101110010 
01000111010010 
00101001001101 
00100111111100 
00100101011101 
00100110101111 
00100110000011 
00100110001111 
00100110000011 
00100110000011 
00100110000011 
00100110101111 
00100101110101 
00100111000111 
00100101101000 
00100101111010 
00100110011010 
00101110111100 
00101100010110 
00100101101000 
00100101101101 
00100101101101 
00100101110001 
00100101110001 
00101000110010 
00101111111101 
00101010110010 
00100110001011 
00101000010000 
00100110110111 
00101010110010 
00100110111100 
00101100011111 
00100110001010 
00100111010110 
00100110011010 
00111100001010 
00100110001001 
00100110010000 
00101000010010 
00101011101100 
00100110011011 
00100110011000 
00100110001011 
00100110011100 
00100110110100 
00101000111100 
00100110110111 
00101110110111 
00101010001101 
00110000101111 
00100110010100 
00101001110101 
00101001110101 
00100110010111 
00100110011000 
00100110011001 
00100111000011 
00100111111100 
00100110101001 
00100111101111 
00101001100011 
00100110100001 
00100110100001 
00100110100001 
00101110101010 
00101110101001 
00111001000000 
00101010011001 
00101011010010 
00100111111100 
00101010011100 
00100110110001 
00100110101111 
00101010011111 
00100110110000 
00101010011111 
00101010011111 
00101010011111 
00101010100011 
00100111110110 
00101001100110 
00100110110100 
00100110111010 
00110010000010 
00100111001111 
00101011101100 
00100110111011 
00101000001001 
00110101000001 
00101010000000 
00101001001111 
00100111111111 
00100111000101 
00100111000101 
00100111010010 
00100111001011 
00100111001001 
00100111001100 
00101000001111 
00101000000110 
00101000111100 
00100111111100 
00100111011010 
00101000100111 
00100111100110 
00100111010110 
00101001100100 
00101010111110 
00101001100010 
00101000000000 
00101000000000 
00100111101001 
00100111101010 
00101000010110 
00100111011101 
00101000101001 
00101001110101 
00101001001101 
00101011101001 
00101010100011 
00101000000110 
00101000001111 
00101000000110 
00101000000001 
00100111101000 
00100111101001 
00101000010110 
00100111111111 
00101000000011 
00101100110110 
00100111110000 
00100111110001 
00100111110001 
00100111110001 
00111000000100 
00110011100000 
00111101100001 
00101001001010 
00100111111011 
00101010000000 
00101011101100 
00110000101101 
00101010100011 
00101010011111 
00100111111111 
00100111111111 
00101010011111 
00101101100100 
00110000101101 
00101001000111 
00101000101101 
00101000010110 
00101110110111 
00101111011011 
00101010011111 
00101000001100 
00101000001100 
00101000001100 
00101000110111 
00101101010000 
00110000110010 
00101010100101 
00110010111110 
00101101011000 
00101000110000 
00101100011000 
00110000100110 
00101000111011 
00101000111000 
00101001110101 
00110000000010 
00101000111100 
00101011100110 
00101011101010 
00101101011011 
00101000111010 
00101111110110 
00101010011000 
00101110111100 
00101001010111 
00101010001010 
00101001111111 
00101000111011 
00101001010000 
00101001101101 
01000011101010 
00101101100101 
00101001110100 
00101000110100 
00101001110101 
00101001111111 
00101100011010 
00101000111010 
00101001001011 
00110111010101 
01001000111100 
00101001000001 
00101001000001 
00101001000001 
00101001000001 
00101010111111 
00110000100110 
00101110001000 
00111010111000 
00101001001111 
00101110110111 
00101011101100 
00101011101101 
00101010011110 
00101111011110 
00101111011110 
00101111011110 
00101111011110 
00101101100100 
00110000101101 
01000001000011 
00101010001001 
00101110111100 
00110100011001 
00101001111110 
00101101100111 
00101001101111 
00101001111111 
00101010100111 
00101100011111 
00110001110111 
00101101111011 
00110100110110 
00101001101100 
00111000000101 
00101010011100 
00101001101110 
00101010001110 
00101010110001 
00101111011001 
00110010011100 
00111111111000 
00101111111101 
00101100101111 
00101110110110 
00101010000100 
00101011110101 
00101110110101 
00101011001100 
00101011000100 
00101010000100 
00101100011010 
00101010000100 
00101010001101 
00101010000011 
00101010100111 
00101100011111 
00101011101010 
00101111011001 
00101010110111 
00101011111111 
00101011111110 
00101010000111 
00101010100111 
00101100011010 
00101010001001 
00101100011110 
00111000010010 
01000000010101 
00110100001110 
00101010110011 
00101010010001 
00101010010001 
00101010010001 
00111101110010 
00101101111101 
00101101100101 
00110000101111 
00101111100011 
00101110001100 
00101011101101 
00101101100100 
00101111011110 
00101111011110 
00101111011110 
00101111011110 
00101101100100 
00101100111011 
00110000101000 
00101011011010 
00101011000011 
01000100000010 
00101011011000 
01000100110010 
00101011001010 
00101010101111 
00101100011111 
00101110001100 
00101011010000 
00110100110110 
00101011000001 
00101010111001 
00101011001101 
00101011000011 
00101010111001 
00110001011011 
00101011010000 
00101011010110 
00101111011101 
00111011001111 
00101101011011 
00110100110010 
00110100110110 
00110011100000 
00101011010000 
00110001011011 
00101111011101 
00110011000111 
01000100111000 
00101011111110 
00101011010011 
00101011111111 
00101011101011 
00101011011011 
00101011010110 
00101011111110 
00101100011111 
00101011111110 
00101011011000 
00101011010100 
00101011111110 
00101100000110 
00101011110001 
00101100011010 
00101011011001 
00101100010111 
00101100000010 
00101011011110 
00101101111111 
00101011100000 
00101011100000 
00101011100000 
00101011100110 
00110100110010 
00110001111000 
00101011101010 
00110001111111 
00101111011011 
00101100101100 
00101011101101 
00101011110100 
00101111011110 
00101111011110 
00101111011110 
00101111011110 
00101101100100 
00101100111011 
00111000010010 
00101101111011 
00110011110110 
00101110001000 
00101011111100 
00110101011100 
00101011111100 
00101100100100 
00101101101111 
00101100011111 
00110000000000 
00101101111011 
00101100101101 
00110010101100 
00101100111110 
00101101000111 
00101100011110 
00101100001001 
00101101000110 
00101101000110 
00101111001110 
00111001010100 
00101100110101 
00101110101010 
00101110101000 
00110001001101 
00101100100011 
00101100011001 
00101101000111 
00101101011110 
00101100011100 
00101100011000 
00101101101010 
00101101000110 
00101101101010 
00101100100100 
00101111100011 
00101101101111 
00101101101111 
00101100100011 
00101101110101 
00101100100110 
00101101000101 
00101100101001 
00101101000101 
00110010010001 
00110000110010 
00101100101110 
00101111111101 
00101100110000 
00101100110000 
00101100110000 
00101111111001 
01000100100100 
00110000101000 
01000111000000 
00110000101101 
00101111100011 
00101100111100 
00110000101101 
00101111011110 
00101111011110 
00101111011110 
00101111011110 
00101111011110 
00110001111101 
00110000101101 
01000100010100 
00110010011100 
00110001011011 
01000000100100 
00101110111100 
00110110011011 
00101101010001 
00101101111000 
00101101010001 
00101101010001 
00101111001000 
00101101101010 
00101101101010 
00101101110001 
00101101110001 
00101101110010 
00101101010100 
00101101010100 
00110000001101 
00101101010111 
00101101110101 
00101101101110 
00111101000011 
00101101110100 
00110000110100 
00101101011101 
00101101011111 
00101101011111 
00110010010110 
01000111000000 
00110000000111 
00101101101111 
00101101101110 
00110001011011 
00110110010100 
00101101100111 
00110000000011 
00101101110110 
00101101110101 
00101110100100 
00110001100110 
00110000001101 
00101101110000 
00101101110000 
00101110011111 
00101101110010 
00101101110101 
00101101110101 
00101110010110 
00101110011100 
00101110011100 
00101110100100 
00101111011011 
00111000100100 
01000001000101 
00110010010110 
00101110000000 
00101110000000 
00101110000000 
00101111001110 
00110010011011 
00101110100101 
00101110001010 
00101110010001 
00110010111011 
00101110001011 
00110001111101 
00101111011110 
00101110001110 
00101111011110 
00101111011110 
00101111011110 
00110000101101 
00110011001100 
00101111011110 
00110001011100 
00101111100011 
00110001111001 
00101111011101 
00110000101101 
00101110110000 
00101110011011 
00101110011011 
00101110011011 
00110000010111 
00101110110010 
00101110110010 
00101111000001 
00101110110101 
00110001000110 
00110001010101 
00101111011101 
00101110101010 
00110011000101 
00110001110111 
00111001000000 
00110001000110 
00110111010100 
00101111010110 
00110000001010 
00110000000001 
00110000001010 
00111000110110 
01000100100100 
01000100100100 
00110001111001 
00111101110101 
00110010111001 
00110010111001 
00101111111111 
00110001011100 
00110001100110 
00110000110001 
00101110111111 
00101111101110 
00110000001010 
00110000001010 
00110000001110 
00110000010111 
00110000010110 
00101111101001 
00110001101010 
00111000001110 
00110101011100 
00111010000010 
00101111111101 
00101111010000 
00101111010000 
00101111010000 
00111100011111 
01001000001100 
00101111100100 
00111100101010 
01000100010100 
00110011010001 
00101111011011 
00101111110011 
00110011001101 
00110000110000 
00110000110000 
00110000110000 
00110000110000 
00110000110000 
00110011001100 
00110011001100 
00110011001011 
00110011001101 
00111101110101 
00110000101100 
00110000101110 
00111101110101 
00101111100111 
00110001100111 
00110011010011 
00110000010110 
00110001101010 
00110000100101 
00110100110110 
00110000101110 
00110000011100 
00110001000011 
00110100110000 
00110000011111 
00101111111101 
01000000010101 
00110010010110 
00110010010110 
00111010101000 
00110000010000 
00110001100110 
00110000001111 
01000011101010 
00110011000111 
01001000111100 
00110101101111 
00110000001111 
00110010111001 
00110000110001 
00110000001101 
00110000011010 
00110000001111 
00110001000000 
00110001100000 
00110010000110 
00110010000110 
00110000111100 
00110001100111 
00110000011001 
00110000110001 
00110011001010 
00110010001111 
00110001101110 
00110000011111 
00110000100000 
00110000100000 
00110000100000 
00111000000100 
00111100010001 
00110100010111 
00110000110100 
00110000101010 
00110011101100 
00110010111011 
00110000110011 
00110001111101 
00110000110000 
00110000110000 
00110000110000 
00110000110000 
00110001111101 
00110001010110 
00110011001100 
00110001101010 
00110011010001 
01000111010010 
00110010110110 
00110001111001 
00110001011001 
00110000111100 
00110000111100 
00110001100111 
00110001100111 
00110000111101 
00110000111100 
00110001011010 
00110001100001 
00110010101100 
00110011111101 
00111011011010 
00111100101111 
00110001011100 
00110100001100 
00111100011111 
00110010010110 
00110001001000 
00111101000011 
01000010110010 
00110010111101 
00111110110001 
00110010000110 
00110001010000 
00110001101000 
00110001011110 
00111110111110 
00110010111111 
00110001111010 
00110111111100 
00110011110110 
00111100010111 
00110001100100 
00110010010011 
00110001011101 
00110001100111 
00110001100010 
00110010000111 
00110010000111 
00110010101000 
00110010111000 
00110010101000 
00110011011100 
00110010010010 
00110100011001 
00110001101101 
00110110010001 
00110001101111 
00110001101111 
00110001101111 
00111000000100 
00111001110010 
00110100110001 
00110111000000 
00111010101001 
00110011101100 
00110001111011 
00110100001011 
00110001111101 
00110100011010 
00110100011010 
00110010000100 
00110010000100 
00110011001101 
00110011001100 
00110011001100 
00110010010011 
00111101110101 
00111101111111 
00110010001000 
00110010101000 
00110010001000 
00110010101010 
00110010101010 
00110010101001 
00111000100110 
00111110010100 
00110100101101 
00110100100010 
00111101111111 
00111101110101 
00111110010100 
00111100001100 
00110010111111 
00110111010001 
00110010110100 
00110010111001 
00110101000000 
00111100010111 
00110101000001 
00110111010101 
00111001110010 
00111110100101 
00111101011011 
00110100000101 
00110010101111 
00110011011100 
00110010101010 
00110010110001 
00110110011011 
00110101110010 
00110111000010 
00110010110001 
00110011010111 
00110010110011 
00110011010111 
00110011011010 
00110011010111 
00110011011100 
00110011011100 
00110100000101 
00111100010100 
00111101011010 
00110011100100 
00110011000000 
00110011000000 
00110011000000 
00110011000000 
00110110000000 
00110100110010 
00111000110000 
00111111111100 
00111010101001 
00110011010001 
00110011001011 
00110011001100 
00110101101110 
00110100011010 
00110101101101 
00110101101101 
00110101101101 
00110100011101 
00110011110001 
00110100001011 
00110100000010 
00110011010011 
00110110100101 
00110100101100 
00110100011111 
00110011010111 
00110011010111 
00110011011000 
00110100000010 
00110101010110 
00110101101101 
00111010110000 
00110110000001 
00111101110010 
00110100101101 
00110101000110 
00110111100100 
00111000100110 
00110100110101 
01000010110010 
00110111111100 
00110100100010 
00110011111001 
00110011111110 
00110101000111 
00110101101101 
00110111000000 
00110100110011 
00110110000010 
00110100110101 
00110110000000 
00110111110000 
00110100000111 
00110100101010 
00110100111011 
00110100011110 
00110101110010 
00110111101011 
00110100000100 
00110101010000 
00110100000010 
00110100101010 
00110110100101 
00110110100101 
00110100001000 
00111000010001 
00110100011000 
00111101010101 
00110101011110 
00110100010000 
00110100010000 
00110100010000 
00110100010000 
00110100101111 
00110110110110 
00111010100111 
00110100011001 
00110101101111 
00111000100111 
00110100011011 
00111000001100 
00110100011010 
00110101101101 
00110101101101 
00110101101101 
00110101101101 
00111011111100 
00110100100011 
00110100100011 
01000010010010 
00110101001011 
00110111011000 
00110101001101 
00110101001100 
00110100101001 
00110100101010 
00110101001001 
00110101010101 
00110101010110 
00110111000111 
00110110000001 
00111110111110 
01000001011111 
01000001011111 
00111010111010 
00110110101011 
00111111111000 
00110101000101 
00110101111101 
01001000001100 
00110101100101 
00110110010101 
00110101110000 
00110101110110 
00110101000111 
00110100111111 
00110101000111 
00110110001110 
00110110001000 
01001000111100 
00110111001100 
01000111101110 
00110101111111 
00111000010001 
00110111000111 
00110101110110 
00110101010101 
00110110100101 
00110111011001 
00110101110010 
00110101010110 
00111010101001 
00111000011001 
00111000011001 
00110101010011 
00110101110110 
00110101111011 
00110110100101 
00110101010111 
00110101011001 
00110111000001 
01000001000101 
00110110101110 
00110101011111 
00110101011111 
00110101011111 
00110110000000 
01000011100010 
00111010100111 
01000111010010 
00111001110111 
00110111000001 
00110101101011 
00111011111100 
00111000001101 
00110101101101 
00110101101101 
00110101101101 
00110101101101 
00110110111100 
00110110111100 
00110110111100 
00111011111100 
00111110101011 
01000100010100 
00110110100101 
00110110100011 
00110101111011 
00110110010111 
00110110010111 
00111110100101 
00111101000011 
00110110010010 
00110110101111 
00111001101011 
00110110101110 
00110111100001 
00110111001111 
00111111110101 
00111000000101 
01000011001101 
01000010111011 
00110110101011 
01000111010111 
00110111000001 
01000001001111 
00110111011100 
00110111100001 
01000010011001 
00111100111101 
01000001000011 
00110110101011 
00110110111101 
00110111000111 
00110111110010 
00110111110010 
00110110011110 
00110110101010 
00111001110111 
00110110100010 
00111101111010 
00110110111101 
00111000011001 
00110111110010 
00110111110010 
00111010011000 
00110111000111 
00110111000111 
00111000010001 
00111111101101 
00111011000100 
00111110010100 
00110111001111 
00110110101111 
00110110101111 
00110110101111 
01000010110010 
00111111110110 
00111001100000 
00110111001011 
00111111010000 
00111000001010 
00111001110111 
00111000101111 
00111000001100 
01000101111100 
01000101111100 
01000101111100 
01000101111100 
01000101111100 
00111101001011 
00111101001011 
00111010101011 
00111001011010 
00110111111100 
00111000010001 
00111011100100 
00111000010100 
00111000010100 
00111000011010 
00110111101000 
00110111111100 
01000001110011 
00110111001110 
00110111100010 
00110111100010 
00110111100010 
00110111010011 
00111001000000 
00111101000110 
01000011101001 
00110111101101 
00110111101011 
00111000011001 
00110111011100 
00110111100111 
00111000101100 
01000100010100 
00111001100111 
01000001000101 
00111000000111 
00111000100000 
01000100111000 
00111110010011 
00110111111010 
00111001110111 
00111100010110 
00110111101100 
00111000010001 
00111000100111 
00111011001011 
00111010000110 
00111000100110 
00111000010110 
00110111110010 
00111011001011 
00111000011010 
00111000110111 
00111000101101 
00111001001001 
00111011011010 
00111000010000 
01000001111100 
00111000100011 
00110111111111 
00110111111111 
00110111111111 
00111110010011 
00111001010101 
00111011110110 
00111001011000 
00111000110100 
00111000111101 
00111000001010 
00111101001011 
00111011111100 
01000101111100 
01000101111100 
01000101111100 
00111010101100 
00111101001011 
00111101010000 
00111001110111 
00111010011010 
00111010111000 
00111000010011 
00111000111101 
00111001000001 
00111001000011 
00111000110111 
01000001010001 
00111001000010 
00111010000101 
01000001000101 
00111000100000 
00111000100001 
01000000100011 
00111011100011 
01000100100100 
00111101111010 
00111010000110 
00111111010101 
00111100010111 
00111000101100 
00111000101011 
00111000101100 
00111011001011 
00111100010110 
01000010100100 
01000000010101 
01000001000101 
00111100010010 
00111110010100 
00111001011000 
00111010001101 
00111001011000 
00111001100110 
00111001111000 
00111001100001 
00111010001101 
00111000111100 
00111010000101 
00111001000001 
00111111111100 
00111101101110 
00111010011001 
00111001001001 
00111101110011 
00111001111000 
00111010010101 
00111001000111 
00111010001100 
00111001100111 
00111100100001 
00111010011101 
00111001001111 
00111001001111 
00111001001111 
00111001001111 
00111011010011 
01000010011001 
00111011110110 
00111010010000 
00111010101001 
00111111001110 
00111001101000 
00111010101011 
00111001011100 
01000101111100 
00111010101100 
00111010101100 
00111010101100 
00111101001001 
00111101001011 
00111010011010 
00111111101001 
00111101001011 
00111001110110 
00111001100011 
00111011011001 
00111010110011 
00111010110011 
00111010110101 
01001000001100 
00111100010010 
00111010010111 
00111101001011 
00111110111110 
00111011010001 
01000000100011 
01000100110010 
01000100110110 
00111010110101 
00111001111110 
00111101110101 
00111001111001 
00111010000111 
00111010001000 
00111111101001 
00111101100000 
00111111110101 
00111111110101 
00111011000010 
00111010001100 
00111010110101 
00111010010100 
00111101100100 
00111010001100 
00111011011000 
00111101100100 
00111100010100 
00111010010111 
00111111110001 
01000111101110 
01000000000011 
00111010010101 
00111011010111 
00111010010111 
00111100100101 
00111111111011 
01001000111101 
00111100111101 
00111010011111 
00111010011111 
00111010011111 
00111010011111 
01000011111101 
01000001000011 
01000110000111 
01000111010111 
00111101001110 
00111100000010 
00111011100010 
01000010001010 
01000101111100 
00111010101100 
00111010101100 
00111010101100 
00111010101100 
00111101001001 
01000010001010 
01000000111001 
00111111110001 
01000101000111 
00111110000101 
01000010111011 
00111101100100 
00111011010111 
00111011010100 
01000110011100 
00111010111010 
00111011110111 
00111010111100 
00111101110010 
00111111100111 
00111111010010 
00111011000111 
00111011001001 
01000011110000 
00111011100111 
00111101111110 
01000010010001 
01000010100100 
00111100011000 
00111100110011 
01000111101110 
00111101110011 
00111100001011 
00111011101110 
00111101110001 
00111100000010 
00111100000100 
00111100100110 
00111100110101 
00111100000001 
00111011011110 
00111100101011 
00111011100110 
01000000111001 
01000111000000 
01000111010111 
00111100110101 
00111100001001 
01000011000100 
00111101101010 
00111100000100 
01000101101000 
01000001001001 
00111011101111 
00111011101111 
00111011101111 
00111011101111 
00111011110100 
01000100100100 
01000000100100 
00111101111010 
00111111101101 
00111100000010 
00111011111010 
00111101001011 
01000101111100 
00111101001100 
00111101001100 
00111101001100 
00111101001100 
00111101001001 
00111101001010 
01000000111001 
00111111110001 
01000001101001 
00111101001100 
01000010010001 
00111100100110 
00111100010010 
00111100100010 
00111101010111 
00111101010111 
01000001000011 
01000110011100 
01000001111100 
01001010001100 
00111101000011 
01001000001100 
01000100110010 
00111101001011 
01000010001010 
00111110001000 
00111100011100 
00111100011000 
01000001001111 
00111110100011 
00111100110111 
01000001001110 
01000101110010 
00111101101111 
00111101101111 
00111101101111 
00111111010100 
01001000111100 
01000000110100 
00111100110001 
00111110001000 
00111100110001 
00111100110001 
00111111010101 
00111101111001 
00111101010001 
00111111001111 
00111111000100 
00111110111001 
01000100100110 
00111101010110 
01000111010010 
00111101110110 
00111100110110 
01000000000011 
00111101111111 
00111110001100 
01000111110000 
00111100111110 
00111100111110 
00111100111110 
00111111110111 
00111110010101 
00111111100110 
01000111000111 
00111101001010 
00111111101001 
00111111111111 
00111101001011 
00111101001100 
00111101001100 
00111101001100 
00111101001100 
00111101001100 
00111111101011 
00111101010000 
01000000111001 
01000011110010 
00111110000100 
01000010011111 
01000101000111 
00111110111001 
00111101100110 
01001000111101 
00111111110101 
01000001011111 
01000000110011 
00111101100010 
01000010110001 
01000100111000 
01001000111101 
01000001001001 
00111111110101 
00111111110110 
01000010101100 
01000000111001 
00111110100100 
00111110100100 
00111110100100 
00111110100011 
00111110100011 
01000001010100 
00111110100100 
01000010110010 
00111110001110 
00111101110100 
00111110100111 
00111111000100 
00111110011100 
00111110111101 
00111110000001 
01000010101000 
01000000011101 
01000000011101 
00111111001111 
00111110001010 
00111111010001 
01000000001101 
01000000111000 
00111111110000 
00111111001101 
00111111110011 
01000000000001 
00111110010100 
01000111110000 
00111110001110 
00111110001110 
00111110001110 
00111110100110 
00111110110001 
00111111010010 
00111110110010 
01000011110010 
00111111001110 
00111110011010 
01000000111011 
01000101111100 
00111111101100 
00111111101100 
00111111101100 
00111111101100 
01000010001010 
01000000111010 
00111111101001 
01000010111011 
01000011100100 
01000000011010 
00111111101110 
01000010100100 
00111111111111 
00111111110110 
00111111110110 
01000100000001 
01000011100000 
01000010110001 
01000011000000 
00111111101011 
01000110111111 
01000101010011 
01000000111010 
01000010001010 
00111110110101 
01000000001010 
01000010100100 
01000001010100 
01000010010011 
00111111000000 
00111111000000 
00111111101111 
00111111111011 
00111111001100 
00111111001011 
00111111001100 
00111111010111 
00111111010111 
01000100011101 
01001000101001 
00111111010001 
01001001011010 
01000000100101 
00111111010101 
01000010011111 
00111111010111 
01000000100001 
01000000100001 
01001000100001 
01000011010011 
01000000110011 
01000001100011 
00111111011110 
01000000001101 
01000100100101 
01001010001111 
01001001000011 
01000011110010 
00111111110001 
00111111101010 
01000000111011 
00111111101100 
00111111101100 
00111111101100 
01000010111111 
01000000100000 
01000010001010 
01000000111010 
01000000100101 
01000010111011 
01000011001101 
01000000111110 
01000000010110 
01000000010110 
01001010001011 
01000010011000 
01000001000101 
01000001000100 
01000111011000 
01000000011011 
01000001101010 
01000001010100 
01000001001111 
01000001001111 
01000101000111 
01000100010100 
01000011000111 
01000000011101 
01000000001010 
01000000001010 
01000000010110 
01000000001010 
01000000001011 
01000001000000 
01001010001101 
01000001100000 
01000000111100 
01000100110101 
01000001001010 
01000000011011 
01000010010001 
01000000011101 
01000000101000 
01000100100111 
01000010101000 
01000010011111 
01000010011001 
01000110100001 
01000101101101 
01000011000000 
01000100000110 
01000001101001 
01000001000010 
01000010010001 
01000010011111 
01001000010010 
01000110001001 
01000110000001 
01001000111110 
01001000111101 
01001010110011 
01000010110001 
01000111011000 
01000010001101 
01000111000010 
01000101010101 
01000001000000 
01000000111011 
01000011011100 
01000011011100 
01000010111111 
01000010111111 
01000101101101 
01000010001010 
01000001110101 
01001001101000 
01000010111011 
01000011000111 
01000001111011 
01000010010011 
01000011000010 
01001000001100 
01000010010101 
01000010010110 
01000010010101 
01000110001000 
01000100111011 
01000001010100 
01000111000111 
01000001010101 
01000011010111 
01000010011100 
01000011110001 
01001000000100 
01000010011111 
01000001011001 
01000010100101 
01000010100101 
01000010110111 
01000001101011 
01000100010101 
01000011110100 
01000011100000 
01000001100010 
01000001100010 
01000100011111 
01000101000001 
01000011101001 
01000010010001 
01000011001010 
01000101101000 
01000110010010 
01000001101101 
01000001101110 
01000011110100 
01000110110000 
01000101010101 
01000101010011 
01000100010101 
01000101010110 
01000010010001 
01000101010110 
01000100010100 
01000011011110 
01000101101110 
01000010110100 
01000100101000 
01001000011100 
01000010010000 
01000100100110 
01000111010111 
01000101111101 
01001001101000 
01000010110100 
01000010001010 
01000010111111 
01000011011100 
01000010111111 
01000010111111 
01000010111111 
01000101101101 
01000100101010 
01000111001000 
01001001101000 
01000111000010 
01000100000010 
01000011100010 
01001000001110 
01000011100011 
01000011100100 
01000011101000 
01000011100010 
01000010100000 
01000010100101 
01000010100110 
01000100010101 
01000011110010 
01000011110010 
01000010111100 
01000010100110 
01000100111011 
01000010101010 
01000101110010 
01000111001000 
01000100000110 
01000011000101 
01000100100101 
01000011010110 
01000101001000 
01000011101101 
01000011101100 
01000101011001 
01000100001100 
01000011110100 
01000010111101 
01000110101011 
01000110101011 
01000101001000 
01000011000101 
01001001101000 
01000111110100 
01000011110111 
01000101110010 
01001000111110 
01000100011111 
01000100100101 
01000011100000 
01000111111100 
01000101010110 
01000101101000 
01000100101000 
01000100101100 
01000011110010 
01000111001000 
01000100101010 
01000011011100 
01000101100010 
01000101100010 
01000101100010 
01000101100010 
01000101101101 
01000111000100 
01000111001000 
01001001101000 
01000100010110 
01000110000001 
01000100110010 
01000100110011 
01000100111000 
01000111110001 
01000100110101 
01000101111000 
01000011101111 
01000011101111 
01000011101111 
01000011110101 
01000101010101 
01000101110110 
01000100001011 
01000111100100 
01000100001100 
01000101000111 
01000111011010 
01000100000101 
01000111111100 
01000100010110 
01001010110000 
01001001000001 
01001000111100 
01000111000001 
01000101000010 
01000111001000 
01000101000101 
01000110010111 
01000101011001 
01000111110100 
01000101100001 
01000100001101 
01000111100100 
01000110110000 
01000100011001 
01000111100100 
01000100011000 
01000101010110 
01000101010110 
01000100010111 
01001000000100 
01000111011001 
01001000111111 
01001010101011 
01000110011100 
01001000100000 
01000100100010 
01000101101101 
01000110010010 
01001000010110 
01000101000010 
01001001101000 
01001010100100 
01000101101101 
01000101100010 
01000101100010 
01000101100010 
01000101100010 
01000101100010 
01000101111010 
01000111000100 
01000101010101 
01000111000010 
01000101001011 
01000100110110 
01001000010010 
01000110111101 
01000110000011 
01000110000111 
01000100111101 
01000110010000 
01000110110000 
01001001010010 
01000101010100 
01000110100100 
01000110001101 
01000110010111 
01000101010111 
01000110011001 
01000111100100 
01000111110000 
01001000100001 
01000111010011 
01000110100100 
01001000000001 
01000111100011 
01000110010111 
01000101011100 
01000101011101 
01000111100100 
01000101011111 
01001000000001 
01001000000001 
01000110110000 
01000110010101 
01001000000100 
01001001010010 
01000111000010 
01000110000010 
01001010110000 
01000110011110 
01001010110000 
01000111110000 
01000101110100 
01001000010111 
01000110110101 
01000101111001 
01000101111011 
01001000100111 
01001000011011 
01001000011011 
01001000011011 
01000111001011 
01000110110100 
01000111000100 
01000110110101 
01000111000010 
01001000000101 
01001010001101 
01001000111100 
01001000101010 
01001000101001 
01001000101001 
01000111010101 
01000111010110 
01000110111111 
01000110010000 
01000110001110 
01000110001111 
01000110100111 
01000110010111 
01000111011111 
01000110010111 
01000110010111 
01000110101101 
01000110010110 
01000110100111 
01000110100111 
01000110100111 
01001001101000 
01001000001110 
01000111110000 
01000111101011 
01000110111100 
01000111001000 
01000111110100 
01000110101111 
01000110101101 
01000110101100 
01000111110110 
01001001110101 
01000110101111 
01000110101110 
01000111100100 
01001000000001 
01001000000001 
01001001010010 
01000111101010 
01001000000100 
01000110110111 
01001000000110 
01001000100111 
01001010110100 
01001010110000 
01001010101101 
01001010101101 
01001010101101 
01000111101100 
01001000111011 
01000111010100 
01001001101000 
01001000100010 
01001001101010 
01001000011011 
01001000011011 
01001000011011 
01000111001011 
01001010111010 
01001000011010 
01001000011001 
01000111011011 
01001000000101 
01001000001011 
01001010010001 
01000111110001 
01000111111100 
01001000100010 
01001001101010 
01001000011100 
01000111111101 
01001000101101 
01000111100001 
01000111100000 
01000111100101 
01000111100101 
01000111100101 
01000111111000 
01001000101001 
01001001100011 
01001000010000 
01001000010110 
01001001010010 
01001001000101 
01001000000011 
01001001000101 
01001000000111 
01001000001000 
01001000000110 
01001000000001 
01001000000001 
01001001111011 
01001001010010 
01001010101101 
01001010101101 
01001010101101 
01001010101101 
01001001011111 
01001000100001 
01001000011100 
01001000011000 
01001000100010 
01001001101010 
01001000011011 
01001000011011 
01001000011011 
01001000011011 
01001001101010 
01001000100010 
01001000100101 
01001000100100 
01001001100110 
01001000100111 
01001000101101 
01001001001011 
01001001010000 
01001001000101 
01001001000101 
01001001010010 
01001001010110 
01001001001110 
01001000101110 
01001010000100 
01001010100010 
01001000110101 
01001000110110 
01001001111101 
01001001011010 
01001001011100 
01001010101101 
01001001011100 
01001001101000 
01001001010011 
01001001001000 
01001001001000 
01001001110111 
01001010010101 
01001001010100 
01001010010101 
01001001001110 
01001001010000 
01001001010000 
01001001010100 
01001010010000 
01001010101101 
01001010101101 
01001010101101 
01001010101101 
01001010111100 
01001010010010 
01001010111001 
01001010111010 
01001010111010 
01001010111001 
01001010100101 
01001001110010 
01001010101000 
01001001111101 
01001001111101 
01001001111101 
01001001111101 
01001001111101 
01001010011011 
01001001111110 
01001001111110 
01001010100000 
01001010000101 
01001010101100 
01001010101101 
01001010010110 
01001010100000 
01001010011111 
01001010100010 
01001010100111 
01001010110111 
01001010101101 
01001010101101 
01001010101101 
01001010101101 
01001010111100 
01001010111001 
