000000
000000
000000
000000
000000
000000
000000
000000
000000
000000
000000
000000
000000
000000
000000
000000
000000
000000
000000
000000
000000
000000
000000
000000
000000
000000
000000
000000
000000
000000
000000
000000
000000
000000
000000
000000
000000
000000
000000
000000
000000
000000
000000
000000
000000
000000
000000
000000
000000
000000
000000
000000
000000
000000
000000
000000
000000
000000
000000
000000
000000
000000
000000
000000
000000
000000
000000
000000
000000
000000
000000
000000
000000
000000
000000
000000
000000
000000
000000
000000
000000
000000
000000
000000
000001
000001
000001
000001
000000
000001
000001
000000
000001
000001
000000
000000
000001
000000
000000
000001
000000
000001
000000
000000
000000
000000
000000
000000
000000
000000
000000
000000
000000
000000
000000
000000
000000
000000
000000
000000
000000
000000
000000
000000
000000
000000
000000
000000
000000
000000
000000
000000
000000
000000
000000
000000
000000
000000
000000
000000
000000
000000
000000
000000
000000
000000
000000
000000
000000
000000
000000
000000
000000
000000
000000
000000
000000
000000
000000
000000
000000
000000
000000
000001
000096
00008D
000082
00003E
0000BC
0000B9
000004
0000CC
000003
00003A
000081
0000B1
00004F
0000AD
000054
000065
00001C
000005
000000
000000
000000
000000
000000
000001
000001
000001
000000
000000
000000
000002
000000
000001
000001
000000
000000
000001
000002
000000
000002
000001
000001
000001
000002
000000
000002
000001
000001
000001
000000
000000
000000
000000
000000
000000
000000
000000
000000
000000
000000
000000
000000
000000
000000
000000
000000
000000
000000
000000
000000
000000
000000
000000
000000
000000
000000
000000
000000
000000
000000
000001
00009C
00007C
00007C
000039
00000B
000019
000006
00000F
000003
0000A3
00007F
000077
000055
00001C
00008C
000099
00008D
000006
000000
000000
000000
000000
000000
00000A
000015
000002
000000
000000
000000
00009F
0000A6
000053
000005
000000
000000
000017
000028
000000
00004A
000042
000004
00002D
000022
000003
00003C
000037
000052
00002D
000000
000000
000000
000000
000001
000000
000000
000000
000000
000000
000000
000000
000000
000000
000000
000000
000000
000000
000000
000000
000000
000000
000000
000000
000000
000000
000000
000000
000000
000000
000000
000001
000002
000002
000002
000002
000003
000003
000001
000001
000002
000002
000003
000001
000002
000001
000001
000002
000001
000002
000000
000000
000000
000000
000000
000003
000003
000001
000000
000000
000000
000002
000002
000002
000001
000000
000001
000002
000002
000001
000003
000003
000001
000003
000002
000001
000003
000002
000001
000001
000000
000000
000000
000001
000001
000001
000000
000000
000000
000000
000000
000000
000001
000001
000001
000001
000000
000000
000001
000001
000000
000000
000000
000000
000000
000000
000000
000000
000000
000000
000020
000002
000001
000001
000001
000001
000001
000001
000001
000001
000001
000001
000001
000001
000001
000001
000001
000001
000001
000001
000001
000000
000000
000000
000000
000001
000001
000001
000000
000000
000000
000001
000001
000001
000001
000000
000001
000001
000001
000000
000001
000001
000001
000001
000001
000001
000001
000001
000001
000000
000000
000000
000001
00002B
0000CC
00000D
000000
000000
000000
000000
000000
000000
000045
000090
0000A6
000003
000000
000002
000016
000001
000000
000000
000000
000000
000000
000000
000000
000000
000000
000000
000041
000003
000001
000000
000000
000000
000001
000001
000000
000001
000000
000000
000000
000000
000000
000001
000001
000000
000000
000001
000000
000000
000000
000000
000000
000000
000000
000000
000000
000000
000000
000000
000000
000000
000000
000000
000000
000000
000000
000000
000000
000000
000000
000000
000000
000000
000000
000000
000000
000000
000000
000001
000001
000039
000036
000007
000000
000000
000000
000000
000000
000000
00007F
00008C
000055
000005
000000
000025
000026
000001
000000
000000
000000
000000
000000
000000
000000
000000
000000
000000
000001
000001
000001
000000
000000
000000
000000
000000
000000
000000
000000
000000
000000
000000
000000
000000
000000
000000
000000
000000
000000
000000
000000
000000
000000
000000
000000
000000
000000
000000
000000
000000
000000
000000
000000
000000
000000
000000
000000
000000
000000
000000
000000
000000
000000
000000
000000
000000
000000
000000
000000
000000
000001
000001
000004
000003
000001
000001
000000
000000
000000
000000
000003
000002
000004
000002
000001
000001
000002
000001
000001
000001
000001
000001
000000
000001
000000
000000
000000
000000
000066
000007
00007C
000070
000001
000000
000000
000000
000000
000000
000000
000000
000000
000000
000000
000000
000000
000000
000000
000000
000000
000000
000000
000000
000000
000000
000000
000000
000000
000000
000000
000000
000000
000000
000002
000002
000001
000001
000002
000001
000002
000001
000001
000002
000000
000000
000000
000000
000000
000000
000000
000001
000001
0000DC
000001
00006F
000008
000001
000001
000000
000000
000000
000001
000001
000002
0000B7
0000EA
0000BC
000010
0000AA
00001D
000001
00000E
000006
00000B
000075
000001
000000
000000
000000
000009
000002
000043
000040
000001
000000
000000
000000
000000
000000
000000
000000
000000
000000
000000
000000
000000
000000
000000
000001
000000
000000
000000
000000
000000
000000
000000
000000
000000
000000
000000
000000
000000
000001
00000B
000029
000034
000029
000031
000009
00003A
000004
000035
000017
000001
000000
000000
000000
000000
000000
000000
000001
0000AF
000009
000002
0000CD
000007
000001
000001
000000
000000
000000
000000
000001
000001
0000C3
000032
0000BF
00000C
0000B1
000003
000001
000014
000029
000025
000071
000001
000000
000000
000000
000001
000001
000001
000001
000000
000000
000010
000001
000000
000000
000001
000001
000000
000000
000000
000000
000000
000000
000002
000001
000001
000000
000000
000000
000001
000001
000000
000000
000000
000000
000000
000000
000001
000001
000002
000001
000001
000001
000001
000001
000002
000001
000002
000002
000001
000000
000000
000000
000000
000000
000000
000001
0000D4
000045
0000CF
0000A6
000005
000001
000000
000000
000000
000000
000000
000001
000002
0000FE
000008
000002
000002
000002
000002
000001
000004
000003
000003
000003
000001
000000
000000
000000
000000
000000
000000
000000
000000
000000
00009A
000002
000000
000000
000001
00004A
000001
000000
000001
000000
000001
000001
000023
000001
000001
000000
000000
000000
000055
000001
000001
000000
000000
000000
000000
000000
000001
000075
000004
000001
000000
000001
000001
000001
000001
000009
000001
000000
000000
000000
000000
000000
000001
000000
000001
000001
000099
0000DF
000023
0000AF
000005
000001
000000
000000
000000
000000
000000
000001
000001
000002
000002
000001
000001
000001
000001
000001
000001
000001
000001
000001
000000
000000
000000
000000
000001
000001
000001
000001
000001
000001
000092
000002
000000
000001
000001
00009B
000001
000001
000001
000002
000002
00002F
00002B
000001
000001
000002
000002
000002
000066
000001
000001
000001
000002
000003
000003
000003
000002
00009B
000007
000001
000001
000001
000001
000001
00001E
00000E
000000
000000
000000
000000
000000
000000
000001
0000A6
000004
000001
0000DF
0000DD
000001
0000B9
000004
000001
000000
000000
000000
000000
000000
000000
000000
000001
000001
000001
000000
000001
000000
000001
000000
000000
000001
000000
000000
000000
000000
000000
00000F
000012
000012
000037
00000B
00000E
0000B0
000003
000001
000001
0000C8
0000B4
0000C2
000092
000006
000005
000004
0000A4
00000C
000007
000004
000004
000003
0000B6
0000D7
0000DC
000072
000002
000003
000002
000004
000003
000002
0000AF
000003
000022
000006
0000AB
0000E0
0000E9
0000B8
00000D
000001
000001
000002
000002
000002
000001
000002
0000CB
000005
000001
000002
000002
000001
000002
000002
000001
000000
000000
000000
000000
000000
000000
000000
000000
000000
000000
000000
000000
000000
000000
000000
000000
000000
000000
000000
000000
000000
000000
000001
000002
000002
000002
000001
000003
000036
000001
000001
000001
000004
000006
000001
000001
000001
000001
000001
000002
000002
000001
000001
000001
000001
000001
000002
000001
000002
000001
000001
000001
000001
000001
000001
000001
000001
000001
000001
000001
000002
000002
000084
000002
000004
000002
000001
000002
000001
000002
000003
0000AD
000004
000002
000001
0000D9
0000A6
00003E
00000E
000000
000000
000000
000002
000043
00003A
000001
000000
000000
000000
000000
000000
000000
000000
000000
000000
000000
000000
000000
000000
000000
000000
000001
000001
000001
000001
000001
000001
000001
000010
000001
000001
000000
000002
000002
000001
000001
000000
000000
000001
000001
000001
000001
000000
000000
000001
000001
000001
000001
000000
000001
000000
000000
000000
000000
000001
000001
000000
000000
000001
000001
000001
000001
000003
000001
000001
000001
000001
000001
000001
000001
000001
000002
000001
000001
000001
0000DF
0000ED
000036
000002
000000
000000
000000
0000C1
0000A4
0000EB
000019
000000
000000
000000
000000
000000
000000
000000
000000
000000
000000
000000
000000
000000
000000
000000
000000
000001
000001
000000
000000
000000
000000
000014
000001
000000
000000
000001
000001
000000
000000
000000
000000
000001
000000
000001
000001
000000
000000
000000
000000
000000
000000
000000
000000
000000
000000
000000
000000
000000
000000
000000
000000
000000
000000
000000
000000
000001
000000
000000
000000
000000
000000
000000
000000
000000
000001
000000
000000
000000
000002
000002
000001
000000
000000
000000
000000
000001
000002
000003
000002
000000
000000
000000
000000
000000
000000
000000
000000
000000
000000
000000
000000
000000
000000
000000
000000
000000
000000
000000
000000
000000
000000
000002
000001
000000
000000
000000
000000
000000
000000
000000
000000
000000
000000
000000
000000
000000
000000
000000
000000
000000
000000
000000
000000
000000
000000
000000
000000
000000
000000
000000
000000
000000
000000
000000
000000
000000
000000
000000
000000
000000
000000
000000
000000
000000
000000
000000
000000
000000
000001
000001
000000
000000
000000
000000
000000
000000
000001
000001
000001
000000
000000
000000
000000
000000
000000
000000
000000
000000
000000
000000
000000
000000
000000
000000
000000
000000
000000
000000
000000
000000
000000
000000
000000
000000
000000
000000
000000
000000
000000
000000
000000
000000
000000
000000
000000
000000
000000
000000
000000
000000
000000
000000
000000
000000
000000
000000
000000
000000
000000
000000
000000
000000
000000
000000
000000
000000
000000
000000
000000
000000
000000
000000
000000
000000
000000
000000
000000
000000
000000
000000
000000
000000
000000
000000
000000
000000
000000
000000
000000
000000
000000
000000
000000
000000
000000
000000
000000
000000
000000
000000
000000
000000
000000
000000
000000
000000
000000
000000
000000
000000
000000
000000
000000
000000
000000
000000
000000
000000
000000
000000
000000
000000
000000
000000
000000
000000
000000
000000
000000
000000
000000
000000
000000
000000
000000
000000
000000
000000
000000
000000
000000
000000
000000
000000
000000
000000
000000
000000
000000
000000
000000
000000
000000
000000
000000
000000
000000
000000
000000
000000
000000
000000
000000
000000
000000
000000
000000
000000
000000
000000
000000
000000
000000
000000
000000
000000
000000
000000
000000
000000
000000
000000
000000
000000
000000
000000
000000
000000
000000
000000
000000
000000
000000
000002
000010
000002
000000
000000
000000
000000
000000
000000
000000
000000
000000
000000
000000
000000
000000
000000
000000
000000
000000
000000
000000
000000
000000
000000
000000
000000
000000
000000
000000
000000
000000
000000
000000
000000
000000
000000
000000
000000
000000
000000
000000
000000
000000
000000
000000
000000
000000
000000
000000
000000
000000
000000
000000
000000
000000
000000
000000
000000
000000
000000
000000
000000
000000
000000
000000
000000
000000
000000
000000
000000
000000
000000
000000
000001
000000
000000
000000
000000
000001
000013
00002E
000001
000000
000000
000000
000000
000000
000000
000000
000000
000000
000000
000000
000000
000000
000000
000000
000000
000000
000000
000000
000000
000000
000000
000000
000000
000000
000000
000000
000000
000000
000000
000000
000000
000000
000000
000000
000000
000000
000000
000000
000000
000000
000000
000001
000000
000000
000000
000000
000000
000000
000000
000000
000000
000000
000000
000000
000000
000000
000000
000000
000000
000000
000000
000000
000000
000000
000000
000000
000000
000000
000004
000004
000003
000003
000001
000000
000000
000000
000001
000001
000001
000000
000000
000000
000000
000000
000000
000000
000000
000000
000000
000000
000000
000000
000000
000000
000000
000000
000000
000000
000000
000000
000000
000000
000000
000000
000000
000000
000000
000000
000000
000000
000000
000000
000000
000000
000000
000000
000000
000000
000000
000000
000001
000002
000002
000003
000003
000001
000000
000000
000000
000000
000000
000000
000000
000000
000000
000000
000000
000000
000000
000000
000000
000000
000000
000000
000000
000000
000000
000001
0000CA
000076
0000C4
00002E
000001
000000
000000
000000
000000
000000
000000
000000
000000
000000
000000
000000
000000
000000
000000
000000
000000
000000
000000
000000
000000
000000
000000
000000
000000
000000
000000
000000
000000
000000
000000
000000
000000
000000
000000
000000
000000
000000
000000
000000
000000
000000
000000
000000
000000
000000
000000
000000
000080
00007F
000064
0000E9
0000EC
000010
000000
000000
000000
000000
000000
000000
000000
000000
000000
000000
000000
000000
000000
000000
000000
000000
000000
000000
000000
000000
000000
000000
000002
000001
000002
000001
000000
000000
000000
000000
000000
000000
000000
000000
000000
000000
000000
000000
000000
000000
000000
000000
000000
000000
000000
000000
000000
000000
000000
000000
000000
000000
000000
000000
000000
000000
000000
000000
000000
000000
000000
000000
000000
000000
000000
000000
000000
000000
000000
000000
000000
000000
000000
000000
00008D
000060
0000FA
0000F5
000031
000002
000000
000000
000000
000000
000000
000000
000000
000000
000000
000000
000000
000000
000000
000000
000000
000000
000000
000000
000000
000000
000000
000000
000001
000001
000001
000001
000000
000000
000000
000000
000000
000000
000000
000000
000000
000000
000000
000000
000000
000000
000000
000000
000000
000000
000000
000000
000000
000000
000000
000000
000000
000000
000000
000000
000000
000000
000000
000000
000000
000000
000000
000000
000000
000000
000000
000000
000000
000000
000000
000000
000000
000000
000000
000000
000004
000002
000002
000001
000002
000001
000000
000000
000000
000000
000000
000000
000000
000000
000000
000000
000000
000000
000000
000000
000000
000000
000000
000000
000000
000000
000000
000000
000000
000001
000001
000001
000000
000000
000001
000000
000000
000000
000000
000000
000000
000000
000000
000000
000000
000000
000000
000000
000000
000000
000000
000000
000000
000000
000000
000000
000000
000000
000000
000000
000000
000000
000000
000000
000000
000000
000000
000000
000000
000000
000000
000000
000000
000000
000000
000000
000000
000000
000000
000001
0000D5
000035
0000EC
0000E4
000002
000000
000000
000000
000000
000000
000000
000000
000000
000000
000000
000000
000000
000000
000000
000000
000000
000000
000000
000000
000000
000000
000000
000000
000000
000001
00001F
000001
000000
000000
000006
000001
000000
000000
000000
000000
000000
000000
000000
000000
000000
000000
000000
000000
000000
000000
000000
000000
000000
000000
000000
000000
000000
000000
000000
000000
000000
000000
000000
000000
000000
000000
000000
000000
000000
000000
000000
000000
000000
000000
000000
000000
000000
000000
000000
000000
00004B
000035
0000EB
0000E5
000001
000000
000000
000000
000000
000000
000000
000000
000000
000000
000000
000000
000000
000000
000000
000000
000000
000000
000000
000000
000000
000000
000000
000000
000000
000002
000043
000001
000000
000000
00001E
000003
000000
000000
000000
000000
000000
000000
000000
000000
000000
000000
000000
000000
000000
000000
000000
000000
000000
000000
000000
000000
000000
000000
000000
000000
000000
000000
000000
000000
000000
000000
000000
000000
000000
000000
000000
000000
000000
000000
000001
000001
000000
000000
000000
000001
0000F5
000007
000012
0000F1
000002
000000
000000
000000
000000
000000
000000
000000
000000
000000
000000
000000
000000
000000
000000
000000
000000
000000
000000
000000
000000
000000
000000
000001
000001
000068
000054
000001
000000
000000
000020
000002
000000
000001
000000
000000
000000
000000
000000
000000
000001
000000
000000
000000
000000
000000
000001
000000
000000
000000
000000
000000
000000
000000
000000
000000
000000
000000
000000
000000
000000
000000
000000
000000
000000
000000
000000
000000
000000
000024
000009
000001
000000
000000
000000
000001
00001B
000007
00001B
00003B
000001
000000
000000
000000
000000
000000
000000
000000
000000
000000
000000
000000
000000
000000
000000
000000
000000
000000
000000
000000
000000
000000
000000
000000
000001
0000A6
000074
000001
000000
000000
000023
000002
000002
000001
000001
000001
000001
000089
000001
000001
000001
00001C
000001
000000
000000
000020
00000C
000001
000000
000000
000001
000001
000001
000061
00000F
000001
000000
000001
000066
000001
000000
000000
000000
000001
000000
000000
000000
000000
00001B
000090
000010
000001
000000
000000
00002B
000001
0000DC
00001F
0000B4
000004
000001
000000
000000
000000
000000
000000
000000
000000
000000
000000
000000
000000
000000
000000
000000
000000
000000
000000
000000
000000
000000
000000
000000
000000
000001
000042
000094
000001
000001
000000
000022
000001
000020
00001F
000002
000001
000002
0000B4
000035
000000
000001
0000C3
000001
000001
000001
0000BE
00000E
000001
000000
00002B
000007
000001
000000
000077
000015
000001
000001
000002
0000B0
000001
000000
000001
000057
000001
000000
000000
000000
000001
0000B4
00001A
00001D
000001
000000
000059
000043
000001
000001
000002
000001
000001
000000
000000
000000
000000
000000
000000
000000
000000
000000
000000
000000
000000
000000
000000
000000
000000
000000
000000
000000
000000
000000
000000
000000
000000
000047
00000D
0000A7
000002
000029
000001
000026
000002
0000AB
0000E0
000015
000001
00009C
000003
0000A2
000002
000002
000060
00002F
000025
000001
000039
0000A2
000005
000001
00006A
00000E
000001
000001
00001C
000035
000001
000007
00009C
0000A5
000002
000001
0000BD
0000B0
00007A
000001
000025
00004F
000003
000007
000002
00002F
000001
000001
000072
000060
000001
000000
000000
000000
000000
000000
000000
000000
000000
000000
000000
000000
000000
000000
000000
000000
000000
000000
000000
000000
000000
000000
000000
000000
000000
000000
000000
000000
000000
000002
000002
0000AD
000002
00000D
000001
0000BB
000005
000039
000002
000032
000014
000063
000002
000061
000016
00008F
000002
000004
000085
000004
000014
000004
000008
000001
00001B
00008E
000005
000002
000007
000004
000006
00004C
00003B
000060
000004
000001
00002B
000080
0000CB
000001
000099
000096
000063
000005
000001
000003
000006
000001
00000C
00008F
000001
000000
000000
000000
000000
000000
000000
000000
000000
000000
000000
000000
000000
000000
000000
000000
000000
000000
000000
000000
000000
000000
000000
000000
000000
000000
000000
000000
000000
000000
000000
00007F
000006
000006
000001
00006A
00000D
000013
000001
0000B0
00001E
00002D
000001
000001
00008C
000011
000001
000001
000003
000007
000009
000001
000010
000001
000007
000002
000007
0000C1
000002
000002
000041
000004
000001
000002
000005
00000C
000005
000002
00009A
000002
00005C
000059
000089
000001
000000
000001
00001B
00009B
000003
0000A1
00000A
000001
000000
000000
000000
000000
000000
000000
000000
000000
000000
000000
000000
000000
000000
000000
000000
000000
000000
000000
000000
000000
000000
000000
000000
000000
000000
000000
000000
000000
000000
000071
00008E
000002
000001
000002
0000D1
000001
000001
000003
000069
000014
000001
000001
000001
000001
000001
000001
000002
00008E
000003
000001
00007E
0000B7
000002
000001
000066
000001
000002
000001
0000BE
000002
000001
000001
000009
00001C
000002
000001
000058
000003
000027
000002
000001
000001
000000
000001
00007E
00002E
000002
000003
000002
000000
000000
000000
000000
000000
000000
000000
000000
000000
000000
000000
000000
000000
000000
000000
000000
000000
000000
000000
000000
000000
000000
000000
000000
000000
000000
000000
000000
000000
000000
00000F
000063
000002
000000
000001
000003
000002
000000
000001
000001
000002
000000
000000
000000
000000
000000
000000
000001
000003
000001
000001
000002
000002
000001
000001
00002B
000001
000001
000001
00004D
000002
000000
000001
00000F
00000B
000001
000000
000003
000007
00000F
000000
000000
000000
000000
000001
0000A9
00000B
000001
000000
000001
000000
000000
000000
000000
000000
000000
000000
000000
000000
000000
000000
000000
000000
000000
000000
000000
000000
000000
000000
000000
000000
000000
000000
000000
000000
000000
000000
000000
000000
000000
000003
000026
000001
000000
000000
000001
000002
000002
000001
000001
000001
000001
000000
000000
000000
000000
000000
000000
000001
000001
000001
000001
000001
000001
000001
000002
000000
000000
000001
000002
000001
000000
000001
000016
000006
000001
000000
000001
000008
000006
000000
000000
000000
000000
000001
000002
000001
000001
000000
000000
000000
000000
000000
000000
000000
000000
000000
000000
000000
000000
000000
000000
000000
000000
000000
000000
000000
000000
000000
000000
000000
000000
000000
000000
000000
000000
000000
000000
000000
000000
000001
000002
000001
000000
000001
000003
00002A
00002C
00004C
000001
000000
000000
000000
000000
000000
000000
000000
000000
000000
000000
000000
000000
000000
000000
000000
000000
000000
000000
000000
000000
000000
000000
000001
00008E
000004
000001
000000
000000
0000A7
000003
000000
000000
000000
000000
000000
000000
000000
000000
000000
000000
000000
000000
000000
000000
000000
000000
000000
000000
000000
000000
000000
000000
000000
000000
000000
000000
000000
000000
000000
000000
000000
000000
000000
000000
000000
000000
000000
000000
000000
000000
000001
000001
000000
000000
000001
000001
000002
000001
000001
000001
000000
000000
000000
000000
000000
000000
000000
000000
000000
000000
000000
000000
000000
000000
000000
000000
000000
000000
000000
000000
000000
000000
000001
000011
000002
000001
000000
000001
000009
000001
000000
000000
000000
000000
000000
000000
000000
000000
000000
000000
000001
000001
000001
000001
000000
000000
000000
000000
000000
000000
000000
000000
000000
000000
000000
000000
000000
000000
000000
000000
000000
000000
000000
000000
000000
000000
000000
000000
000000
000000
000000
000000
000000
000000
000000
000000
000001
000000
000001
000000
000000
000000
000000
000000
000000
000000
000000
000000
000000
000000
000000
000000
000000
000000
000000
000000
000000
000000
000000
000000
000000
000000
000001
000001
000000
000000
000000
000000
000001
000000
000000
000000
000000
000000
000000
000000
000000
000000
000000
000001
000091
000032
00002D
0000CE
000002
000001
000000
000000
000000
000000
000000
000000
000000
000000
000000
000000
000000
000000
000000
000000
000000
000000
000000
000000
000000
000000
000000
000000
000001
000001
000000
000001
000000
000001
000000
000000
000000
000000
000000
000000
000000
000000
000000
000000
000000
000000
000000
000000
000000
000000
000000
000000
000000
000000
000000
000000
000000
000000
000000
000000
000000
000000
000001
00004B
000001
000001
000000
000000
000000
000000
000000
000000
000000
000000
000000
000000
000000
000000
000000
000001
000081
0000CB
000054
0000BA
00009C
000004
000001
000000
000000
000000
000000
000000
000000
000000
000000
000000
000000
000000
000000
000000
000000
000000
000000
000000
000000
000000
000000
000001
000003
000001
000001
000001
000001
000001
000001
000000
000000
000000
000000
000000
000000
000000
000000
000000
000000
000000
000000
000000
000000
000000
000000
000000
000000
000000
000000
000000
000000
000000
000000
000000
000000
000001
000001
00003C
00000E
000001
000001
000000
000000
000000
000000
000000
000000
000000
000000
000000
000000
000000
000001
000001
000002
0000AD
000002
000002
0000EB
000003
000000
000000
000000
000000
000000
000000
000000
000000
000000
000000
000000
000000
000000
000000
000000
000000
000000
000000
000000
000000
000000
000001
000091
000030
00001A
000055
00002C
000001
000000
000000
000000
000000
000000
000000
000001
000001
000001
000000
000000
000000
000000
000000
000000
000000
000001
000000
000000
000000
000001
000001
000001
000000
000001
000001
000001
000001
000002
000013
00000E
000005
000001
000001
000001
000001
00000E
000001
000001
000000
000000
000000
000000
000000
000001
000091
0000E6
00000F
000021
00002E
000002
000001
000000
000000
000000
000000
000000
000000
000000
000000
000000
000000
000000
000000
000000
000000
000000
000000
000000
000000
000000
000000
000000
000000
000059
0000DF
0000E7
00004A
000025
000001
000001
000000
000000
000000
000002
000001
000003
0000BD
000003
000002
000001
000001
000002
000002
000001
000001
000001
000001
000001
000001
000003
000001
000002
000001
000001
000001
000002
000002
000002
00000A
000002
000009
000003
000001
000002
000002
000044
000007
000001
000002
000001
000001
000001
000001
000002
000092
00007D
00000E
0000DD
000003
000000
000001
000000
000000
000000
000000
000000
000000
000000
000000
000000
000000
000000
000000
000000
000000
000000
000000
000000
000000
000000
000000
000000
000000
000001
00009F
000002
000002
000001
000001
000001
000000
000000
000000
000000
000001
000003
000007
00009B
000002
000001
000000
000000
000000
000001
000001
000000
000000
000000
000003
0000C5
000012
000001
000000
000000
000000
000000
000000
000003
000006
000002
000018
000001
000001
000000
000000
000014
000090
000002
000001
000000
000000
000000
000001
000004
00000E
0000E2
00000B
0000DB
00002F
000000
000000
000000
000000
000000
000000
000000
000000
000000
000000
000000
000000
000000
000000
000000
000000
000000
000000
000000
000000
000000
000000
000000
000000
000001
00001B
000004
000001
000001
000001
000022
000001
000002
000001
000000
000000
00001C
000005
000022
000005
000001
000000
000001
00001C
000094
000001
000001
000001
000001
000090
000002
00006A
000001
000001
000000
000000
000000
000000
000015
000004
000001
00005B
000002
000001
000000
000001
00000F
000002
00000A
000001
000000
000000
000000
000001
00002A
000006
0000DA
000004
000037
000047
000001
000000
000000
000000
000000
000000
000000
000000
000000
000000
000000
000000
000000
000000
000000
000000
000000
000000
000000
000000
000000
000000
000000
000000
000001
000001
00000D
000001
000000
000000
00003C
000001
00000C
000001
000000
000000
00003F
000003
000002
00000A
000001
000000
000001
00008A
000003
000035
000001
000001
000001
0000A9
000002
000097
000002
000001
000000
000000
000000
000000
000026
000004
000001
00000C
000007
000001
000000
000002
000008
000001
000019
000001
000000
000000
000000
000001
000092
0000A1
000015
000002
0000DA
00003A
000001
000000
000000
000000
000000
000000
000000
000000
000000
000000
000000
000000
000000
000000
000000
000000
000000
000000
000000
000000
000000
000000
000000
000000
000000
000001
000088
000002
000000
000000
00003F
000001
000007
000001
000000
000000
000092
000002
000001
000017
000001
000000
000001
0000A7
000001
0000A1
000003
000001
000001
0000A2
000001
00001B
000005
000001
000000
000000
000000
000000
00008D
000002
000000
000001
000033
000001
000001
000004
000004
000001
000034
000001
000000
000000
000000
000000
0000BF
000002
000001
000001
000002
000001
000000
000000
000000
000000
000000
000000
000000
000000
000000
000000
000000
000000
000000
000000
000000
000000
000000
000000
000000
000000
000000
000000
000000
000000
000000
000001
000001
000019
000001
000001
00003D
000001
000005
000001
000000
000000
0000A7
000002
000001
00004B
000001
000001
000001
000052
000001
000004
0000E9
000005
000001
00004D
000001
000001
00001D
000002
000000
000000
000000
000000
000094
000002
000000
000000
000097
000004
000001
00004D
000003
000001
0000B1
000002
000001
000001
000000
000000
000088
000001
000001
000001
000001
000001
000000
000000
000000
000000
000000
000000
000000
000000
000000
000000
000000
000000
000000
000000
000000
000000
000000
000000
000000
000000
000000
000000
000000
000000
000000
000000
000001
00009F
000002
000001
000002
000006
000004
000001
000001
000001
000059
000001
000001
000006
00001F
000001
000001
00002B
000001
000001
000002
00004F
000001
000020
000000
000001
000003
00000C
000001
000000
000000
000000
0000AD
000002
000000
000000
000001
000015
000001
000091
000003
000001
000002
00005F
000002
000001
000001
000000
000048
000001
000000
000000
000000
000000
000000
000000
000000
000000
000000
000000
000000
000000
000000
000000
000000
000000
000000
000000
000000
000000
000000
000000
000000
000000
000000
000000
000000
000000
000000
000001
000001
000004
0000BA
000006
000001
00004B
000003
000003
000020
000001
00002B
000001
000001
000001
000095
000003
000001
000019
000000
000001
000001
000004
00008F
000006
000000
000000
000001
0000A5
000001
000000
000000
000000
000057
000001
000000
000000
000001
000007
000071
000096
000001
000001
000001
000003
00000C
000001
000001
000001
00001B
000001
000000
000000
000000
000000
000000
000000
000000
000000
000000
000000
000000
000000
000000
000000
000000
000000
000000
000000
000000
000000
000000
000000
000000
000000
000000
000000
000000
000000
000000
000000
000001
000001
000001
00000A
0000C7
00008D
000001
000001
000021
0000E9
000027
000021
00002F
00003B
000052
0000E9
000043
000039
00002A
000043
000052
00004D
00005A
00005D
00004D
000041
000035
00003D
00006B
000054
00006D
000058
000052
000029
00003A
000054
000054
00004E
00004D
000042
00001C
00001A
00001E
00001D
000029
0000E7
000038
0000CA
000009
000001
000000
000000
000000
000000
000000
000000
000000
000000
000000
000000
000000
000000
000000
000000
000000
000000
000000
000000
000000
000000
000000
000000
000000
000000
000000
000000
000000
000000
000000
000000
000000
000000
000002
000001
000001
000002
000001
000001
000002
000002
000002
000001
000001
000001
000002
000002
000004
000001
000001
000001
000001
000002
000001
000001
000001
000001
000002
000002
000001
00009B
0000CF
000004
000002
000001
000001
000001
000001
000001
000001
000002
000001
000001
000002
000002
000001
000002
000002
000003
000002
000002
000001
000000
000000
000000
000000
000000
000000
000000
000000
000000
000000
000000
000000
000000
000000
000000
000000
000000
000000
000000
000000
000000
000000
000000
000000
000000
000000
000000
000000
000000
000000
000000
000001
000001
000001
000001
000001
000002
000001
000001
000002
000001
000000
000000
000001
000001
000001
000001
000000
000000
000000
000000
000000
000000
000000
000000
000000
000001
000001
000001
000002
000002
000001
000000
000000
000000
000000
000000
000000
000001
000000
000000
000000
000000
000000
000001
000001
000000
000001
000001
000000
000000
000000
000000
000000
000000
000000
000000
000000
000000
000000
000000
000000
000000
000000
000000
000000
000000
000000
000000
000000
000000
000000
000000
000000
000000
000000
000000
000000
000000
000000
000000
000000
000000
000001
000036
000053
000059
000002
000034
000031
00004B
000001
000000
000000
000000
000000
000000
000000
000000
000000
000000
000000
000000
000000
000000
000000
000000
000001
000001
000001
000001
000001
000000
000000
000000
000000
000000
000000
000000
000000
000000
000000
000000
000000
000000
000000
000000
000000
000000
000000
000000
000000
000000
000000
000000
000000
000000
000000
000000
000000
000000
000000
000000
000000
000000
000000
000000
000000
000000
000000
000000
000000
000000
000000
000000
000000
000000
000000
000000
000000
000000
000000
000000
000000
000002
000018
000004
000007
000002
000004
000004
000001
000000
000000
000000
000000
000000
000000
000000
000000
000000
000000
000000
000000
000000
000000
000000
000000
000000
000000
000000
000000
000000
000000
000000
000000
000000
000000
000000
000000
000000
000000
000000
000000
000000
000000
000000
000000
000000
000000
000000
000000
000000
000000
000000
000000
000000
000000
000000
000000
000000
000000
000000
000000
000000
000000
000000
000000
000000
000000
000000
000000
000000
000000
000000
000000
000000
000000
000000
000000
000000
000000
000000
000000
000001
000002
000001
000002
000001
000001
000001
000001
000000
000000
000000
000000
000000
000000
000000
000000
000000
000000
000000
000000
000000
000000
000000
000000
000000
000000
000000
000000
000000
000000
000000
000000
000000
000000
000000
000000
000000
000000
000000
000000
000000
000000
000000
000000
000000
000000
000000
000000
000000
000000
000000
000000
000000
000000
000000
000000
000000
000000
000000
000000
000000
000000
000000
000000
000000
000000
000000
000000
000000
000000
000000
000000
000000
000000
000000
000000
000000
000000
000000
000000
000000
000000
000001
000000
000001
000000
000000
000000
000000
000000
000000
000000
000000
000000
000000
000000
000000
000000
000000
000000
000000
000000
000000
000000
000000
000000
000000
000000
000000
000000
000000
000000
000000
000000
000000
000000
000000
000000
000000
000000
000000
000000
000000
000000
000000
000000
000000
000000
000000
000000
000000
000000
000000
000000
000000
000000
000000
000000
000000
000000
000000
000000
000000
000000
000000
000000
000000
000000
000000
000000
000000
000000
000000
000000
000000
000000
000000
000000
000000
000000
000000
000000
000000
000000
000000
000000
000000
000000
000000
000000
000000
000000
000000
000000
000000
000000
000000
000000
000000
000000
000000
000000
000000
000000
000000
000000
000000
000000
000000
000000
000000
000000
000000
000000
000000
000000
000000
000000
000000
000000
000000
000000
000000
000000
000000
000000
000000
000000
000000
000000
000000
000000
000000
000000
000000
000000
000000
000000
000000
000000
000000
000000
000000
000000
000000
000000
000000
000000
000000
000000
000000