00011111001101 
00100001101111 
00100001101101 
00000101000111 
00000000000111 
00000000001010 
00000000001010 
00000000001111 
00000000001111 
00000000010011 
00000000010011 
00000000010110 
00000000010110 
00000000011111 
00000000011111 
00000000011111 
00000000011111 
00000000011111 
00000001101100 
00000001101100 
00000001101100 
00000001100111 
00000001100111 
00000001100111 
00000001100011 
00000001100011 
00000001011101 
00000001011101 
00000001011010 
00000001011010 
00000001010101 
00101010100000 
00001101110000 
00001101110001 
00000010100001 
00000011101101 
00000001011010 
00000001011010 
00000001011101 
00000001011101 
00000001100011 
00000001100011 
00000001100111 
00000001100111 
00000001100111 
00000001101100 
00000001101100 
00000001101100 
00000001101100 
00000010111101 
00000010111101 
00000010111101 
00000010111000 
00000010111000 
00000010010011 
00000010110000 
00000010110000 
00000010101101 
00000010101101 
00000010011100 
00000010101000 
00000010101000 
00000010100110 
00000010100110 
00000011101011 
00001111000111 
00001010001010 
00010000010001 
00000011110000 
00000110010010 
00000011101110 
00000010101000 
00000010101000 
00000010101101 
00000010101101 
00000010110000 
00000010110000 
00000010111000 
00000010111000 
00000010111000 
00000010111101 
00000010111101 
00000010111101 
00000010111101 
00000100001111 
00000100001111 
00000100001111 
00000011100000 
00000100000100 
00000100000100 
00000100000001 
00000100000001 
00000011101000 
00000011111011 
00000011111011 
00000011101011 
00000011111000 
00000100111000 
00000100111000 
00000011110001 
00111001100001 
00001111000001 
00000111100010 
00000110010001 
00001000110101 
00000100111110 
00000011111000 
00000011111011 
00000011111011 
00000100110101 
00000100000001 
00000100000001 
00000100000100 
00000100000100 
00000100001111 
00000100001111 
00000100001111 
00000100001111 
00000100001111 
00000101011010 
00000101011010 
00000101010101 
00000100110101 
00000101001110 
00000101001110 
00000101001100 
00000101001100 
00000101001001 
00000101001001 
00000101001000 
00000101000001 
00001111000110 
00001111000110 
00001000110001 
00000111100000 
00001010000110 
00000110001011 
00000101001001 
00000101001100 
00000101001100 
00000101001110 
00000101001110 
00000101010101 
00000101010101 
00000101011010 
00000101011010 
00000101011010 
00000101011010 
00000110110011 
00000110110011 
00000110110011 
00000110110011 
00000110101011 
00000110101011 
00000110101011 
00000110100010 
00000110100010 
00000110011111 
00000110011111 
00000110011100 
00000110011001 
00000110011001 
00000111011000 
00000111011000 
00000111100000 
00001100100001 
00001010000001 
00001010000010 
00001000110010 
00001010000110 
00001101111000 
00000111011000 
00000110011100 
00000110011100 
00000110011111 
00000110011111 
00000110100010 
00000110100010 
00000111001110 
00000110101011 
00000110101011 
00000110101011 
00000110101011 
00000110110011 
00000110110011 
00000110110011 
00000110110011 
00000110110011 
00000110110011 
00000110110011 
00000111110111 
00000111110111 
00000111110011 
00000111110011 
00000111110000 
00000111110000 
00000111101011 
00000111101011 
00000111101001 
00001000101001 
00001000101001 
00001000110010 
00001010000001 
00001100100001 
00010100001000 
00010001100000 
00001101111000 
00000111101011 
00000111101011 
00001000100101 
00000111110000 
00000111110000 
00000111110011 
00000111110011 
00000111110111 
00000111110111 
00000111110111 
00001001001110 
00001001001110 
00001001001110 
00001001001000 
00001001001000 
00001001001000 
00001001000100 
00001001000100 
00001001000100 
00001000111111 
00001000111111 
00001000111011 
00001000111011 
00001000111010 
00001000111010 
00001001110110 
00001011010100 
00010000010101 
00001111000110 
00001111001000 
00010010111111 
00001101110100 
00010101011001 
00001010001010 
00001000111011 
00001000111111 
00001000111111 
00001001000100 
00001001000100 
00001001000100 
00001001001000 
00001001001000 
00001001001000 
00001001001110 
00001001001110 
00001001001110 
00001001001110 
00001001001110 
00001010100001 
00001010100001 
00001010100001 
00001010011010 
00001010011010 
00001010011010 
00001010010011 
00001010010011 
00001010010011 
00001001110111 
00001010001110 
00001010001110 
00001010001011 
00001010001011 
00001011000101 
00001011000111 
00001011010000 
00001010000011 
00001011010101 
00010000010101 
00001011010100 
00010100000110 
00001010001001 
00001100101000 
00010001101111 
00011111001101 
00001010001110 
00001010001110 
00001010010011 
00001010010011 
00001010010011 
00001010011010 
00001010011010 
00001010011010 
00001010011010 
00001010100001 
00001010100001 
00001010100001 
00001010100001 
00001010100001 
00001010100001 
00001011110100 
00001011110100 
00001011110100 
00001011110100 
00001011101001 
00001011101001 
00001011101001 
00001011100010 
00001011100010 
00001011011111 
00001011011111 
00001011011100 
00001011011100 
00001011011100 
00001100010100 
00001100010100 
00001100011001 
00001111000001 
00001011010100 
00001100100011 
00010000010101 
00010000011001 
00010010111101 
00010010111101 
00001111001001 
00010010101111 
00001011011111 
00001011011111 
00001011100010 
00001011100010 
00001011101001 
00001011101001 
00001011101001 
00001011101001 
00001011110100 
00001011110100 
00001011110100 
00001011110100 
00001011110100 
00001011110100 
00001011110100 
00001011110100 
00001101000010 
00001101000010 
00001101000010 
00001101000010 
00001100111000 
00001100111000 
00001100110011 
00001100110011 
00001100110000 
00001100101101 
00001100101101 
00001101100110 
00001101100110 
00001101101001 
00001101101001 
00100110110000 
00010000010101 
00010001100110 
00011100110000 
00010100010001 
00001111001000 
00001101111011 
00011101000111 
00010010111101 
00010001101010 
00001110111101 
00001100110000 
00001100110000 
00001100110011 
00001100110011 
00001100111000 
00001100111000 
00001100111000 
00001100111000 
00001101000010 
00001101000010 
00001101000010 
00001101000010 
00001101000010 
00001101000010 
00001101000010 
00001110010000 
00001110010000 
00001110010000 
00001110010000 
00001110001001 
00001110001001 
00001110001001 
00001110000101 
00001110000101 
00001110000101 
00001101111110 
00001101111110 
00001110110010 
00001110110010 
00001110110101 
00001110110101 
00100001101101 
00110010000000 
00001101111001 
00010000010101 
00010000010000 
00010000010011 
00001111000011 
00010100001000 
00011000000011 
00011010010110 
00010110100000 
00010110100000 
00001110111000 
00001110000101 
00001110000101 
00001110000101 
00001110001001 
00001110001001 
00001110001001 
00001110010000 
00001110010000 
00001110010000 
00001110010000 
00001110010000 
00001110010000 
00001111100100 
00001111100100 
00001111100100 
00001111011011 
00001111011011 
00001111011011 
00001111011011 
00001111010010 
00001111010010 
00001111010010 
00001111001111 
00001111001111 
00001111001111 
00010000000001 
00010000000001 
00010000000100 
00010000000100 
00001111001110 
00100001101101 
00101010100000 
00001111000111 
00010000010000 
00010000010101 
00011010011001 
00010000010010 
00111001100001 
00010100010001 
00010110100000 
00011101000111 
00010001101011 
00010001101010 
00010000011010 
00010000000100 
00001111010010 
00001111010010 
00001111010010 
00001111011011 
00001111011011 
00001111011011 
00001111011011 
00001111100100 
00001111100100 
00001111100100 
00001111100100 
00001111100100 
00001111100100 
00001111100100 
00001111100100 
00010000101000 
00010000101000 
00010000101000 
00010000100100 
00010000100100 
00010000100100 
00010000100000 
00010000100000 
00010000100000 
00010001001101 
00010001001101 
00010000011111 
00010001011001 
00100010111110 
00110000110000 
00010001100010 
00010000010111 
00111010110000 
00010001100011 
00010100001001 
00010101011100 
00010010110010 
00010000011110 
00010100001011 
00010101010110 
00010000100000 
00010000100100 
00010000100100 
00010000100100 
00010000101000 
00010000101000 
00010000101000 
00010000101000 
00010010000001 
00010010000001 
00010010000001 
00010010000001 
00010001111010 
00010001111010 
00010001111010 
00010001110101 
00010001110101 
00010001110101 
00010001010110 
00010001110001 
00010001110001 
00010001110000 
00010001110000 
00010010100101 
00010010100101 
00010010101000 
00111001100001 
00110101110000 
00110010000000 
00111000010000 
00010111111100 
00011111010100 
00011101000111 
00010010111100 
00011001001100 
00011111010100 
00010001110001 
00010001110101 
00010001110101 
00010001110101 
00010001111010 
00010001111010 
00010001111010 
00010001111010 
00010010000001 
00010010000001 
00010010000001 
00010010000001 
00010010000001 
00010010000001 
00010010000001 
00010011001100 
00010011001100 
00010011000011 
00010011000011 
00010011000011 
00010011000001 
00010011000001 
00010011110001 
00010011110001 
00010011110100 
00010011110100 
00010010101111 
00010011111000 
00011011100011 
00010110100001 
00100100101101 
00011100110000 
00010100001101 
00010101011000 
00010110100001 
00010101011111 
00011010010010 
00010111110011 
00010101011011 
00010100001000 
00010011000011 
00010011000011 
00010011001100 
00010011001100 
00010011001100 
00010011001100 
00010011001100 
00010100011000 
00010100011000 
00010100011000 
00010100010100 
00010100010100 
00010100010100 
00010100010010 
00010100010010 
00010100010010 
00010101000000 
00010101000000 
00010101000101 
00010101000101 
00010101001001 
00010101001001 
00011111100100 
00010101010011 
00010110101110 
00011110000001 
00011010010000 
00011111010011 
00011111010010 
00010111111100 
00010110101011 
00010110101110 
00011001000011 
00011010011110 
00010101011011 
00010101011000 
00010100010100 
00010100010100 
00010100011000 
00010100011000 
00010100011000 
00010101110010 
00010101110010 
00010101110010 
00010101110010 
00010101101011 
00010101101011 
00010101101011 
00010101100110 
00010101100110 
00010101100011 
00010101100011 
00010101100100 
00010101100100 
00010110010101 
00010110010101 
00010110011000 
00010110011000 
00110101110000 
00011100110000 
00010110101100 
00010110100100 
00100000100100 
00010101011011 
00010101011111 
00011010100000 
00011101000111 
00011010011110 
00010110101001 
00010101100110 
00010101100110 
00010101100110 
00010101101011 
00010101101011 
00010101101011 
00010101101011 
00010101101011 
00010101110010 
00010101110010 
00010101110010 
00010101110010 
00010101110010 
00010101110010 
00010101110010 
00010110111101 
00010110111101 
00010110111101 
00010110111101 
00010110110101 
00010110110101 
00010110110101 
00010110110100 
00010110110100 
00010111100000 
00010111100000 
00010111100011 
00010111100011 
00010111100110 
00011010010000 
00011111010001 
00100000100010 
00100000100010 
00011001000100 
00100100100011 
00011001000011 
00010110110001 
00010110101011 
00011100110001 
00100001110110 
00010110101111 
00011000000011 
00011000000001 
00011111001101 
00010110110101 
00010110111101 
00010110111101 
00010110111101 
00010110111101 
00010111011011 
00011000001100 
00011000001100 
00011000001100 
00011000000101 
00011000000101 
00011000000101 
00011000101100 
00011000101100 
00011000101100 
00011000101111 
00011000101111 
00011000101111 
00011000110010 
00011000110010 
00011000111000 
00011000111000 
00010111110101 
00010111111101 
00011001001100 
00011000000001 
00100010000010 
00011011100010 
00011010100001 
00011110000010 
00100001110110 
00011001000010 
00011010100000 
00011010100001 
00011010100001 
00011001010001 
00011010100001 
00011010001100 
00011000001100 
00011000001100 
00011000001100 
00011000001100 
00011000001100 
00011001011101 
00011001011101 
00011001010111 
00011001010111 
00011001010111 
00011001010110 
00011001010110 
00011001010110 
00011001111101 
00011001111101 
00011010000100 
00011010000100 
00011001010011 
00011010100001 
00011101000011 
00011001000101 
00011011110010 
00011011100001 
00011101000100 
00100010000101 
00100000110000 
00011010100000 
00011011110111 
00011010011110 
00011010010101 
00011101000111 
00011011110010 
00011011110100 
00011010100001 
00011010100100 
00011010000100 
00011001010111 
00011001011101 
00011001011101 
00011001011101 
00011001011101 
00011001011101 
00011010110001 
00011010110001 
00011010110001 
00011010110001 
00011010101001 
00011010101001 
00011010101001 
00011010100111 
00011010100111 
00011010100111 
00011011001111 
00011011001111 
00011011010011 
00011011010011 
00011010100110 
00011100110111 
00011010010110 
00011010100000 
00011011100101 
00011010010111 
00011011100110 
00011100111101 
00011011101101 
00011011101101 
00011111010100 
00011101000010 
00011110001001 
00011101000010 
00011100111100 
00011101000111 
00011011001111 
00011010101001 
00011010110001 
00011010110001 
00011010110001 
00011010110001 
00011010110001 
00011010110001 
00011010110001 
00011011111000 
00011011111000 
00011011111000 
00011100011001 
00011100011110 
00011100011110 
00011100100100 
00011100100100 
00011100100101 
00011100111000 
00011100111010 
00011111100101 
00011110000101 
00011011110110 
00100000101010 
00100000110010 
00011011101101 
00100000110000 
00011110010010 
00011110000111 
00011100110110 
00100100100011 
00101000011100 
00011101000011 
00011110000101 
00011100101110 
00011101010001 
00011101010001 
00011101010001 
00011101010001 
00011101001001 
00011101001001 
00011101001001 
00011101100111 
00011101100111 
00011101100111 
00011101001000 
00011101001000 
00011101001000 
00011101110011 
00011101110110 
00011101110110 
00110010000000 
00011111010010 
00011110010101 
00011100111010 
00011101000001 
00011100111100 
00011111011001 
00011110001000 
00011101000101 
00011110000100 
00011110010011 
00100000110000 
00011101000000 
00011110011000 
00011110000011 
00011101000111 
00100000110011 
00011111011110 
00011101100111 
00011101010001 
00011101010001 
00011101010001 
00011101010001 
00011101010001 
00011101010001 
00011101010001 
00011101010001 
00011110011001 
00011110011001 
00011110011001 
00011110011001 
00011110111001 
00011110111001 
00011110111001 
00011110111101 
00011111000010 
00011111000010 
00011101111110 
00011111000110 
00011111000110 
00011110010011 
00100000110111 
00100001111110 
00011110001001 
00100011000111 
00011110010100 
00100000101000 
00100011000111 
00100010000101 
00100010001010 
00011111011100 
00011110010111 
00100000110010 
00100001110100 
00011111110001 
00011111110001 
00011111110001 
00011111110001 
00011111101010 
00011111101010 
00011111101010 
00011111101010 
00100000000110 
00100000000110 
00100000001011 
00100000001011 
00100000010001 
00100000010001 
00100000010110 
00100000011001 
00100000100010 
00100000100010 
00011111011100 
00100000100111 
00100001110111 
00100001111101 
00011111101000 
00011111100100 
00100101111011 
00100100011011 
00100000100111 
00100011011011 
00110111000000 
00011111110001 
00011111110001 
00011111110001 
00011111110001 
00011111110001 
00011111110001 
00011111110001 
00100000111101 
00100000111101 
00100000111101 
00100000111011 
00100000111011 
00100000111011 
00100001011011 
00100001011011 
00100001100001 
00100001100001 
00100001100100 
00100001100100 
00100001100100 
00100000100001 
00100111000101 
00100001110001 
00100001111101 
00100001111000 
00100001111001 
00100001111110 
00100011001110 
00100001111011 
00100111001010 
00100011011011 
00100011000110 
00100100011101 
00100100011101 
00100001111100 
00101001010000 
00100000111101 
00100000111101 
00100010001110 
00100010001110 
00100010001110 
00100010001110 
00100010001110 
00100010001100 
00100010001100 
00100010001100 
00100010101100 
00100010101100 
00100010101100 
00100010101111 
00100010101111 
00100010101111 
00100010110011 
00100010110011 
00100010111001 
00100001110110 
00100011001000 
00100100011011 
00100011010001 
00100010000001 
00100011000110 
00100100011100 
00100011001101 
00100011001001 
00100010000100 
00100010000110 
00100010000111 
00100111001100 
00100100011011 
00100011000000 
00100010001110 
00100010001110 
00100011011110 
00100011011110 
00100011011110 
00100011011101 
00100011011101 
00100011011101 
00100011011101 
00100011111000 
00100011111000 
00100011111000 
00100011111101 
00100011111101 
00100100000100 
00100100000111 
00100100000111 
00100100010000 
00100011000101 
00100011000101 
00100100011111 
00100111000101 
00100100100001 
00100100011100 
00100100011101 
00100100011101 
00100100011100 
00100111001000 
00100101111000 
00100011010101 
00100101111001 
00100100100010 
00100011111101 
00100011011110 
00100100110111 
00100100110111 
00100100110111 
00100100110111 
00100100110111 
00100100101110 
00100100101110 
00100100101110 
00100100101110 
00100101000101 
00100101000101 
00100101000101 
00100101001111 
00100101001111 
00100101001111 
00100101010010 
00100101010010 
00100101010010 
00100100010101 
00100100010010 
00100100010010 
00100100010101 
00100100010101 
00100100010101 
00100100010110 
00100100011000 
00100100011000 
00100100011111 
00100101111101 
00100111001000 
00100111000111 
00100100101011 
00100100101100 
00110100100000 
00100100110111 
00100100110111 
00100100110111 
00100100110111 
00100100110111 
00100100110111 
00100100110111 
00100100110111 
00100100110111 
00100101111111 
00100101111111 
00100101111111 
00100101111110 
00100101111110 
00100101111110 
00100101111110 
00100110011100 
00100110011100 
00100101101001 
00100101101001 
00100101100110 
00100101100110 
00100101100011 
00100101100011 
00100101100110 
00100101100110 
00100101101001 
00100101101001 
00100101101001 
00100101101100 
00100101101100 
00100101101101 
00100110011100 
00100101110101 
00100111001010 
00100111001010 
00100111001110 
00100111001110 
00100111001110 
00100111001110 
00100111100100 
00100111100100 
00100111100100 
00100111100100 
00100110111110 
00100110111110 
00100110111110 
00100110111011 
00100110111011 
00100110111011 
00100110111000 
00100110111000 
00100110110100 
00100110110100 
00100110110100 
00100110111000 
00100110111000 
00100110111000 
00100110111011 
00100110111011 
00100110111011 
00100110111110 
00100110111110 
00100110111110 
00100111100100 
00100111000100 
00100111000110 
00101000100011 
00101000100011 
00101000100011 
00101000100011 
00100111110010 
00101000010100 
00101000010100 
00101000010100 
00101000010000 
00101000010000 
00101000010000 
00101000001101 
00101000001101 
00101000001101 
00101000001101 
00101000001000 
00101000001000 
00101000001000 
00101000000001 
00101000000100 
00101000000100 
00101000000100 
00101000001000 
00101000001000 
00101000001000 
00101000001101 
00101000001101 
00101000001101 
00101000001101 
00101000010000 
00101000010000 
00101000010000 
00101000010100 
00101000010100 
00101000010100 
00101000010100 
00101000010111 
00101000010111 
00101000011101 
00101000011101 
00101001000100 
00101000100011 
00101000100011 
00101000100011 
00101000100011 
00101000100011 
00101001101110 
00101001101110 
00101001101110 
00101001101110 
00101001101000 
00101001101000 
00101001101000 
00101001100011 
00101001100011 
00101001100011 
00101001011100 
00101001011100 
00101001011100 
00101001011000 
00101001011000 
00101001011000 
00101001010101 
00101001010010 
00101001010010 
00101001010101 
00101001010101 
00101001011000 
00101001011000 
00101001011000 
00101001011100 
00101001011100 
00101010010011 
00101001100011 
00101001100011 
00101001100011 
00101001100011 
00101001101000 
00101001101000 
00101001101000 
00101001101000 
00101001101000 
00101001101110 
00101001101110 
00101001101110 
00101001101100 
00101010001000 
00101010111100 
00101010111100 
00101010111100 
00101010111100 
00101010110011 
00101010110011 
00101010110011 
00101010101110 
00101010101110 
00101010101110 
00101010101001 
00101010101001 
00101010101001 
00101010100111 
00101010100111 
00101010100001 
00101010100111 
00101010100111 
00101010101001 
00101010101001 
00101010101001 
00101010101110 
00101010101110 
00101010101110 
00101010101110 
00101010110011 
00101010110011 
00101010110011 
00101010110011 
00101010111100 
00101010111100 
00101010111100 
00101010111100 
00101010111100 
00101010111100 
00101100001101 
00101100001101 
00101100001101 
00101100000100 
00101100000100 
00101100000100 
00101100000000 
00101100000000 
00101100000000 
00101011111100 
00101011111100 
00101011111100 
00101011110110 
00101011110011 
00101011110011 
00101011110011 
00101011110110 
00101011110110 
00101011110110 
00101100111011 
00101011111100 
00101011111100 
00101011111100 
00101100000000 
00101100000000 
00101100000000 
00101100000000 
00101100000100 
00101100000100 
00101100000100 
00101100000100 
00101100001101 
00101100001101 
00101100001101 
00101100001101 
00101100001101 
00101100001101 
00101100001101 
00101101011110 
00101101011110 
00101101011110 
00101101011110 
00101101010111 
00101101010111 
00101101010111 
00101101010111 
00101101010010 
00101101010010 
00101101010010 
00101101010010 
00101101001011 
00101101001011 
00101101000111 
00101101000111 
00101101000001 
00101101000111 
00101101000111 
00101101000111 
00101101001011 
00101101001011 
00101101001011 
00101101001011 
00101101010010 
00101101010010 
00101101010010 
00101101010010 
00101101010111 
00101101010111 
00101101010111 
00101101010111 
00101101011110 
00101101011110 
00101101011110 
00101101011110 
00101101011110 
00101101011110 
00101101011110 
00101101011110 
00101110101011 
00101110101011 
00101110101011 
00101110101011 
00101110100001 
00101110100001 
00101110100001 
00101110011101 
00101110011101 
00101110011101 
00101110010110 
00101110010011 
00101110010011 
00101110010110 
00101110010110 
00101110010110 
00101110011101 
00101110011101 
00101110011101 
00101110011101 
00101110100001 
00101110100001 
00101110100001 
00101110100001 
00101110101011 
00101110101011 
00101110101011 
00101110101011 
00101110101011 
00101110101011 
00101111111001 
00101111111001 
00101111111001 
00101111110100 
00101111110100 
00101111110100 
00101111110100 
00101111101011 
00101111101011 
00101111101011 
00101111101000 
00101111101000 
00101111101000 
00101111100001 
00101111100101 
00101111100101 
00101111100101 
00101111101000 
00101111101000 
00101111101000 
00101111101011 
00101111101011 
00101111101011 
00101111110100 
00101111110100 
00101111110100 
00101111110100 
00101111111001 
00101111111001 
00101111111001 
00101111111001 
00101111111001 
00101111111001 
00110001001110 
00110001001110 
00110001001110 
00110001001110 
00110000100101 
00110001000010 
00110001000010 
00110001000010 
00110000111110 
00110000111110 
00110000111110 
00110000111010 
00110000111010 
00110000111010 
00110000110101 
00110000110001 
00110000110101 
00110000110101 
00110000111010 
00110000111010 
00110000111010 
00110000111110 
00110000111110 
00110000111110 
00110000111110 
00110001000010 
00110001000010 
00110001000010 
00110001000010 
00110001001110 
00110001001110 
00110001001110 
00110001001110 
00110001001110 
00110001001110 
00110010011011 
00110010011011 
00110010011011 
00110010011011 
00110010010101 
00110010010101 
00110010010101 
00110010010101 
00110010010001 
00110010010001 
00110010010001 
00110001111011 
00110010001011 
00110010001011 
00110010001011 
00110010000110 
00110010000011 
00110010000011 
00110010000011 
00110010000110 
00110010000110 
00110010000110 
00110010001011 
00110010001011 
00110010001011 
00110010001011 
00110010010001 
00110010010001 
00110010010001 
00110010010001 
00110010010101 
00110010010101 
00110010010101 
00110010010101 
00110010011011 
00110010011011 
00110010011011 
00110010011011 
00110010011011 
00110010011011 
00110010011011 
00110011110011 
00110011110011 
00110011110011 
00110011110011 
00110011110011 
00110011101001 
00110011101001 
00110011101001 
00110011101001 
00110011100000 
00110011100000 
00110011100000 
00110011100000 
00110011011011 
00110011011011 
00110011011011 
00110011011000 
00110011011000 
00110011010100 
00110011010100 
00110011011000 
00110011011000 
00110011011000 
00110011011000 
00110011011011 
00110011011011 
00110011011011 
00110011100000 
00110011100000 
00110011100000 
00110011101001 
00110011101001 
00110011101001 
00110011101001 
00110011101001 
00110011101001 
00110011110011 
00110011110011 
00110011110011 
00110011110011 
00110011110011 
00110011110011 
00110011110011 
00110011110011 
00110011110011 
00110100111011 
00110100111011 
00110100111011 
00110100110010 
00110100110010 
00110100101110 
00110100101110 
00110100101110 
00110100101110 
00110100101010 
00110100101010 
00110100101010 
00110100100011 
00110100100011 
00110100100011 
00110100101010 
00110100101010 
00110100101010 
00110100101010 
00110100101110 
00110100101110 
00110100101110 
00110100101110 
00110100110010 
00110100110010 
00110100110010 
00110100110010 
00110100111011 
00110100111011 
00110100111011 
00110100111011 
00110100111011 
00110100111011 
00110100111011 
00110100111011 
00110110001100 
00110110001100 
00110110001100 
00110110001100 
00110110000110 
00110110000110 
00110110000110 
00110110000110 
00110110000001 
00110110000001 
00110110000001 
00110110000001 
00110101111001 
00110101111001 
00110101111001 
00110101110010 
00110101110010 
00110101110101 
00110101110101 
00110101110101 
00110101111001 
00110101111001 
00110101111001 
00110101111001 
00110110000001 
00110110000001 
00110110000001 
00110110000001 
00110110000110 
00110110000110 
00110110000110 
00110110000110 
00110110001100 
00110110001100 
00110110001100 
00110110001100 
00110110001100 
00110110001100 
00110110001100 
00110110001100 
00110111100110 
00110111100110 
00110111100110 
00110111100110 
00110111100110 
00110111011010 
00110111011010 
00110111011010 
00110111011010 
00110110110111 
00110111001110 
00110111001110 
00110111001110 
00110111001110 
00110111001011 
00110111001011 
00110111001011 
00110111001000 
00110111001000 
00110111000001 
00110111001000 
00110111001000 
00110111001000 
00110111001011 
00110111001011 
00110111001011 
00110111001110 
00110111001110 
00110111001110 
00110111001110 
00110111011010 
00110111011010 
00110111011010 
00110111011010 
00110111011010 
00110111011010 
00110111100110 
00110111100110 
00110111100110 
00110111100110 
00110111100110 
00110111100110 
00110111100110 
00110111100110 
00110111100110 
00110111100110 
00111000101000 
00111000101000 
00111000101000 
00111000100010 
00111000100010 
00111000100010 
00111000100010 
00111000011110 
00111000011110 
00111000011110 
00111000010110 
00111000010011 
00111000010011 
00111000010011 
00111000010110 
00111000010110 
00111000010110 
00111000011110 
00111000011110 
00111000011110 
00111000011110 
00111000100010 
00111000100010 
00111000100010 
00111000101000 
00111000101000 
00111000101000 
00111000101000 
00111000101000 
00111000101000 
00111000101000 
00111001111110 
00111001111110 
00111001111110 
00111001111110 
00111001110110 
00111001110110 
00111001110110 
00111001110110 
00111001101100 
00111001101100 
00111001101100 
00111001101001 
00111001101001 
00111001101001 
00111001100001 
00111001100101 
00111001100101 
00111001100101 
00111001101001 
00111001101001 
00111001101001 
00111001101100 
00111001101100 
00111001101100 
00111001101100 
00111001110110 
00111001110110 
00111001110110 
00111001110110 
00111001110110 
00111001111110 
00111001111110 
00111001111110 
00111001111110 
00111001111110 
00111001111110 
00111001111110 
00111011000100 
00111011000100 
00111011000100 
00111011000100 
00111011000000 
00111011000000 
00111011000000 
00111010111011 
00111010111011 
00111010111011 
00111010110001 
00111010110110 
00111010110110 
00111010110110 
00111010110110 
00111010111011 
00111010111011 
00111010111011 
00111010111011 
00111011000000 
00111011000000 
00111011000000 
00111011000100 
00111011000100 
00111011000100 
00111011000100 
00111011000100 
00111011000100 
00111100100100 
00111100100100 
00111100100100 
00111100100100 
00111100100100 
00111100100100 
00111100011001 
00111100011001 
00111100011001 
00111100010011 
00111100010011 
00111100010011 
00111100010011 
00111100001100 
00111100001100 
00111100001100 
00111100001100 
00111100000110 
00111100000011 
00111100000011 
00111100000011 
00111100000110 
00111100000110 
00111100000110 
00111100001100 
00111100001100 
00111100001100 
00111100001100 
00111100010011 
00111100010011 
00111100010011 
00111100010011 
00111100010011 
00111100011001 
00111100011001 
00111100011001 
00111100011001 
00111100011001 
00111100100100 
00111100100100 
00111100100100 
00111100100100 
00111100100100 
00111100100100 
00111100100100 
00111100100100 
00111100100100 
00111100100100 
00111100100100 
00111100100100 
00111101110000 
00111101110000 
00111101110000 
00111101110000 
00111101110000 
00111101100011 
00111101100011 
00111101100011 
00111101100011 
00111101011101 
00111101011101 
00111101011101 
00111101011001 
00111101011001 
00111101011001 
00111101010101 
00111101010101 
00111101011001 
00111101011001 
00111101011001 
00111101011001 
00111101011101 
00111101011101 
00111101011101 
00111101011101 
00111101100011 
00111101100011 
00111101100011 
00111101100011 
00111101110000 
00111101110000 
00111101110000 
00111101110000 
00111101110000 
00111101110000 
00111101110000 
00111101110000 
00111111000100 
00111111000100 
00111111000100 
00111111000100 
00111111000100 
00111110110110 
00111110110110 
00111110110110 
00111110110110 
00111110110110 
00111110110000 
00111110110000 
00111110110000 
00111110101100 
00111110101100 
00111110101100 
00111110101100 
00111110100011 
00111110100011 
00111110100011 
00111110101100 
00111110101100 
00111110101100 
00111110110000 
00111110110000 
00111110110000 
00111110110000 
00111110110000 
00111110110110 
00111110110110 
00111110110110 
00111110110110 
00111110110110 
00111110110110 
00111111000100 
00111111000100 
00111111000100 
00111111000100 
00111111000100 
00111111000100 
00111111000100 
00111111000100 
00111111000100 
00111111000100 
00111111000100 
00111111000100 
01000000001011 
01000000001011 
01000000001011 
01000000001011 
01000000001011 
01000000000100 
01000000000100 
01000000000100 
01000000000100 
00111111111010 
00111111111010 
00111111111010 
00111111111010 
00111111111010 
00111111111010 
00111111111010 
00111111111010 
01000000000100 
01000000000100 
01000000000100 
01000000000100 
01000000000100 
01000000000100 
01000000001011 
01000000001011 
01000000001011 
01000000001011 
01000000001011 
01000000001011 
01000001100101 
01000001100101 
01000001100101 
01000001100101 
01000001100101 
01000001010010 
01000001010010 
01000001010010 
01000001010010 
01000001010010 
01000001010010 
01000001010010 
01000001010010 
01000001010010 
01000001010010 
01000001010010 
01000001100101 
01000001100101 
01000001100101 
01000001100101 
01000001100101 
01000001100101 
01000001100101 
01000001100101 
01000001100101 
01000001100101 
01000010110000 
01000010110000 
01000010110000 
01000010110000 
01000010110000 
01000010110000 
01000010110000 
01000010110000 
01000010110000 
01000010110000 
01000010110000 
01000010110000 
01000010110000 
01000010110000 
01000010110000 
01000010110000 
