00000000000000
00000000000001
00000000000010
00000000000011
00000000000110
00000000001000
00000000001001
00000000001101
00000000001110
00000000010000
00000000010001
00000000010100
00000000010101
00000000011010
00000000011011
00000000011100
00000000011101
00000000011110
00000000111010
00000000111011
00000000111100
00000000111101
00000000111110
00000000111111
00000001000001
00000001000010
00000001000110
00000001000111
00000001001001
00000001001010
00000001001110
00000001010000
00000001010001
00000001010010
00000001010011
00000001010100
00000001011000
00000001011001
00000001011011
00000001011100
00000001100001
00000001100010
00000001100100
00000001100101
00000001100110
00000001101000
00000001101001
00000001101010
00000001101011
00000010001001
00000010001010
00000010001011
00000010001101
00000010001110
00000010010000
00000010010011
00000010010100
00000010010110
00000010010111
00000010011000
00000010011011
00000010011100
00000010011101
00000010011110
00000010011111
00000010100000
00000010100001
00000010100010
00000010100011
00000010100100
00000010100101
00000010100110
00000010100111
00000010101011
00000010101100
00000010101110
00000010101111
00000010110101
00000010110110
00000010110111
00000010111001
00000010111010
00000010111011
00000010111100
00000011011000
00000011011001
00000011011010
00000011011100
00000011100000
00000011100001
00000011100011
00000011100100
00000011100101
00000011101000
00000011101001
00000011101010
00000011101011
00000011101101
00000011101110
00000011110000
00000011110001
00000011110010
00000011110011
00000011110100
00000011110101
00000011110110
00000011110111
00000011111001
00000011111010
00000011111101
00000011111111
00000100000000
00000100000010
00000100000011
00000100001010
00000100001011
00000100001100
00000100001101
00000100001110
00000100101100
00000100101101
00000100110000
00000100110010
00000100110101
00000100110110
00000100111000
00000100111001
00000100111010
00000100111011
00000100111110
00000101000000
00000101000001
00000101000010
00000101000011
00000101000100
00000101000110
00000101000111
00000101001000
00000101001010
00000101001011
00000101001100
00000101001101
00000101010011
00000101010100
00000101010110
00000101010111
00000101011000
00000101011001
00000101110110
00000101110111
00000101111000
00000101111001
00000101111011
00000101111100
00000101111101
00000110000010
00000110000011
00000110000101
00000110000110
00000110001000
00000110001011
00000110001100
00000110001110
00000110001111
00000110010000
00000110010001
00000110010010
00000110010011
00000110010100
00000110010110
00000110010111
00000110011000
00000110011010
00000110011011
00000110011101
00000110011110
00000110100000
00000110100001
00000110100110
00000110100111
00000110101000
00000110101001
00000110101010
00000110101100
00000110101101
00000110101110
00000110101111
00000110110000
00000110110001
00000110110010
00000111001110
00000111001111
00000111010001
00000111010010
00000111010100
00000111010101
00000111011000
00000111011001
00000111011100
00000111011110
00000111011111
00000111100001
00000111100010
00000111100011
00000111100110
00000111100111
00000111101000
00000111101001
00000111101010
00000111101100
00000111101101
00000111101110
00000111110001
00000111110010
00000111110100
00000111110101
00000111110110
00001000011001
00001000011010
00001000011011
00001000011101
00001000011110
00001000011111
00001000100000
00001000100001
00001000100010
00001000100101
00001000100110
00001000101001
00001000101010
00001000101011
00001000101100
00001000101110
00001000110000
00001000110001
00001000110011
00001000110101
00001000110110
00001000110111
00001000111000
00001000111001
00001000111010
00001000111101
00001000111110
00001001000001
00001001000010
00001001000011
00001001000101
00001001000110
00001001000111
00001001001001
00001001001010
00001001001011
00001001001100
00001001001101
00001001101000
00001001101001
00001001101010
00001001101100
00001001101101
00001001101110
00001001110001
00001001110010
00001001110011
00001001110100
00001001110110
00001001110111
00001001111000
00001001111001
00001001111011
00001001111111
00001010000000
00001010000001
00001010000010
00001010000011
00001010000100
00001010000110
00001010000111
00001010001000
00001010001001
00001010001010
00001010001100
00001010001101
00001010010000
00001010010001
00001010010010
00001010010110
00001010010111
00001010011000
00001010011001
00001010011011
00001010011100
00001010011101
00001010011110
00001010011111
00001010100000
00001010110110
00001010110111
00001010111000
00001010111001
00001010111101
00001010111110
00001010111111
00001011000010
00001011000011
00001011000101
00001011000110
00001011000111
00001011001000
00001011001001
00001011001100
00001011001101
00001011001111
00001011010000
00001011010010
00001011010100
00001011010101
00001011010111
00001011011000
00001011011001
00001011011010
00001011011011
00001011011101
00001011011110
00001011100000
00001011100001
00001011100101
00001011100110
00001011100111
00001011101000
00001011101100
00001011101101
00001011101110
00001011101111
00001011110000
00001011110001
00001011110010
00001011110011
00001100000111
00001100001000
00001100001001
00001100001010
00001100001110
00001100001111
00001100010010
00001100010011
00001100010101
00001100011001
00001100011010
00001100011100
00001100011101
00001100011110
00001100011111
00001100100000
00001100100001
00001100100100
00001100100101
00001100100110
00001100100111
00001100101000
00001100101001
00001100101010
00001100101011
00001100101100
00001100101110
00001100101111
00001100110001
00001100110010
00001100110100
00001100110101
00001100110110
00001100110111
00001100111011
00001100111100
00001100111101
00001100111110
00001100111111
00001101000000
00001101000001
00001101011000
00001101011001
00001101011010
00001101011011
00001101011101
00001101011110
00001101011111
00001101100000
00001101100001
00001101100010
00001101100110
00001101100111
00001101101001
00001101101010
00001101101011
00001101101100
00001101110000
00001101110001
00001101110011
00001101110100
00001101110101
00001101110110
00001101110111
00001101111000
00001101111001
00001101111010
00001101111011
00001101111100
00001101111101
00001110000010
00001110000011
00001110000100
00001110000110
00001110000111
00001110001000
00001110001010
00001110001011
00001110001100
00001110001101
00001110001110
00001110001111
00001110100111
00001110101000
00001110101001
00001110101011
00001110101100
00001110101101
00001110101110
00001110110010
00001110110011
00001110110100
00001110110101
00001110110110
00001110110111
00001110111000
00001110111001
00001110111101
00001110111110
00001110111111
00001111000000
00001111000001
00001111000010
00001111000011
00001111000100
00001111000101
00001111000110
00001111000111
00001111001000
00001111001001
00001111001010
00001111001011
00001111001100
00001111001101
00001111001110
00001111001111
00001111010000
00001111010001
00001111010111
00001111011000
00001111011001
00001111011010
00001111011100
00001111011101
00001111011110
00001111011111
00001111100000
00001111100001
00001111100010
00001111100011
00001111111110
00001111111111
00010000000000
00010000000001
00010000000010
00010000000011
00010000000100
00010000000101
00010000000110
00010000001010
00010000001011
00010000001101
00010000001111
00010000010000
00010000010001
00010000010010
00010000010011
00010000010110
00010000011000
00010000011001
00010000011010
00010000011011
00010000011100
00010000011101
00010000011110
00010000011111
00010000100001
00010000100010
00010000100011
00010000100100
00010000100101
00010000100110
00010000100111
00010001001000
00010001001001
00010001001010
00010001001011
00010001001101
00010001001110
00010001001111
00010001010000
00010001010001
00010001010010
00010001010011
00010001010110
00010001010111
00010001011001
00010001011010
00010001011011
00010001011100
00010001011111
00010001100000
00010001100001
00010001100010
00010001100011
00010001101001
00010001101010
00010001101011
00010001101100
00010001101101
00010001101111
00010001110000
00010001110010
00010001110011
00010001110100
00010001110110
00010001110111
00010001111000
00010001111001
00010001111010
00010001111011
00010001111100
00010001111101
00010001111110
00010001111111
00010010000000
00010010011100
00010010011101
00010010100010
00010010100011
00010010100100
00010010100101
00010010100110
00010010101000
00010010101001
00010010101100
00010010101101
00010010101110
00010010101111
00010010110000
00010010110001
00010010110011
00010010110100
00010010110111
00010010111000
00010010111010
00010010111011
00010010111100
00010010111101
00010010111110
00010010111111
00010011000001
00010011000010
00010011000111
00010011001000
00010011001001
00010011001010
00010011001011
00010011101110
00010011101111
00010011110000
00010011110001
00010011110010
00010011110011
00010011110100
00010011110101
00010011110110
00010011111000
00010011111001
00010011111100
00010011111101
00010011111110
00010011111111
00010100000001
00010100000010
00010100000011
00010100000110
00010100000111
00010100001000
00010100001001
00010100001010
00010100001011
00010100001100
00010100001101
00010100001110
00010100001111
00010100010000
00010100010010
00010100010011
00010100010101
00010100010110
00010100010111
00010100111000
00010100111001
00010100111010
00010100111011
00010100111100
00010100111101
00010100111110
00010101000000
00010101000001
00010101000101
00010101000110
00010101001001
00010101001010
00010101001011
00010101001100
00010101001101
00010101001110
00010101010000
00010101010001
00010101010010
00010101010101
00010101010110
00010101011000
00010101011100
00010101011101
00010101011110
00010101011111
00010101100001
00010101100011
00010101100100
00010101100101
00010101100110
00010101100111
00010101101000
00010101101001
00010101101010
00010101101011
00010101101100
00010101101101
00010101101110
00010101101111
00010101110000
00010101110001
00010110001010
00010110001011
00010110001100
00010110001101
00010110010000
00010110010001
00010110010010
00010110010101
00010110010110
00010110011000
00010110011001
00010110011010
00010110011011
00010110011111
00010110100000
00010110100001
00010110100010
00010110100011
00010110100100
00010110100110
00010110100111
00010110101000
00010110101001
00010110101010
00010110101011
00010110101101
00010110101111
00010110110000
00010110110011
00010110110100
00010110111000
00010110111001
00010110111010
00010110111011
00010111011001
00010111011011
00010111011100
00010111011101
00010111100000
00010111100001
00010111100010
00010111100011
00010111100100
00010111100101
00010111100110
00010111100111
00010111101000
00010111101100
00010111101101
00010111101110
00010111101111
00010111110001
00010111110010
00010111110100
00010111110101
00010111110110
00010111111001
00010111111010
00010111111100
00010111111101
00010111111110
00010111111111
00011000000000
00011000000001
00011000000010
00011000000011
00011000000100
00011000000111
00011000001000
00011000001001
00011000001010
00011000001011
00011000101100
00011000101101
00011000101111
00011000110000
00011000110001
00011000110010
00011000110011
00011000110100
00011000111000
00011000111001
00011000111011
00011000111100
00011001000001
00011001000010
00011001000011
00011001000100
00011001000101
00011001000110
00011001000111
00011001001000
00011001001001
00011001001011
00011001001100
00011001001110
00011001001111
00011001010000
00011001010001
00011001010010
00011001010011
00011001010100
00011001010101
00011001010110
00011001011000
00011001011001
00011001011010
00011001011011
00011001011100
00011001111001
00011001111010
00011001111011
00011001111100
00011001111101
00011001111110
00011001111111
00011010000100
00011010000101
00011010000110
00011010000111
00011010001000
00011010001100
00011010001101
00011010001111
00011010010010
00011010010011
00011010010100
00011010010101
00011010010110
00011010011000
00011010011001
00011010011010
00011010011011
00011010011110
00011010011111
00011010100000
00011010100001
00011010100100
00011010100101
00011010100110
00011010100111
00011010101010
00011010101011
00011010101100
00011010101101
00011010101110
00011010101111
00011010110000
00011011001111
00011011010000
00011011010001
00011011010100
00011011011001
00011011011010
00011011011011
00011011011100
00011011011110
00011011100010
00011011100011
00011011100101
00011011100110
00011011101001
00011011101010
00011011101011
00011011101100
00011011101101
00011011101110
00011011101111
00011011110000
00011011110001
00011011110010
00011011110101
00011011110110
00011011110111
00011100011001
00011100011010
00011100011011
00011100011100
00011100011110
00011100011111
00011100100000
00011100100100
00011100100101
00011100100110
00011100100111
00011100101000
00011100101001
00011100101011
00011100101110
00011100101111
00011100110000
00011100110001
00011100110010
00011100110011
00011100110100
00011100110101
00011100110110
00011100110111
00011100111001
00011100111010
00011100111011
00011100111110
00011100111111
00011101000001
00011101000010
00011101000011
00011101000100
00011101000101
00011101001000
00011101001001
00011101001010
00011101001011
00011101001100
00011101001101
00011101001110
00011101001111
00011101010000
00011101101111
00011101110000
00011101110001
00011101110010
00011101110011
00011101110100
00011101110101
00011101110111
00011101111010
00011101111011
00011101111101
00011101111110
00011101111111
00011110000011
00011110000100
00011110000101
00011110000110
00011110000111
00011110001001
00011110001010
00011110001100
00011110010001
00011110010010
00011110010011
00011110010100
00011110010101
00011110011000
00011110111001
00011110111010
00011110111011
00011110111100
00011110111101
00011110111110
00011110111111
00011111000000
00011111000010
00011111000011
00011111000110
00011111000111
00011111001010
00011111001011
00011111001110
00011111001111
00011111010001
00011111010010
00011111010110
00011111011000
00011111011001
00011111011010
00011111011111
00011111100000
00011111100010
00011111100100
00011111100110
00011111100111
00011111101001
00011111101010
00011111101011
00011111101100
00011111101101
00011111101110
00011111101111
00011111110000
00100000001011
00100000001101
00100000001110
00100000010001
00100000010010
00100000010011
00100000010110
00100000010111
00100000011001
00100000011010
00100000011011
00100000011100
00100000011101
00100000100000
00100000100101
00100000100110
00100000101001
00100000101010
00100000101011
00100000101100
00100000101111
00100000110000
00100000110010
00100000110101
00100000110110
00100000110111
00100000111000
00100000111001
00100000111010
00100000111011
00100000111100
00100001011011
00100001011100
00100001011101
00100001011110
00100001011111
00100001100001
00100001100010
00100001100011
00100001100100
00100001100101
00100001100110
00100001100111
00100001101000
00100001101001
00100001101101
00100001101110
00100001101111
00100001110000
00100001111000
00100001111001
00100001111010
00100001111011
00100001111100
00100001111101
00100001111110
00100010000000
00100010000010
00100010000100
00100010000110
00100010000111
00100010001001
00100010001011
00100010001100
00100010001101
00100010101100
00100010101101
00100010101110
00100010101111
00100010110000
00100010110001
00100010110010
00100010110011
00100010110100
00100010110101
00100010111001
00100010111010
00100010111101
00100010111110
00100010111111
00100011000000
00100011000010
00100011000011
00100011000100
00100011000110
00100011001010
00100011001011
00100011001100
00100011001101
00100011010000
00100011010001
00100011010011
00100011010100
00100011010111
00100011011011
00100011011100
00100011011101
00100011111000
00100011111001
00100011111010
00100011111011
00100011111100
00100011111101
00100011111110
00100011111111
00100100000000
00100100000100
00100100000101
00100100000110
00100100000111
00100100001000
00100100001001
00100100001010
00100100001011
00100100001100
00100100001111
00100100010000
00100100010001
00100100010010
00100100010011
00100100010100
00100100010101
00100100010110
00100100010111
00100100011110
00100100100000
00100100100010
00100100100100
00100100101001
00100100101011
00100100101101
00100100101110
00100100101111
00100100110000
00100100110001
00100100110010
00100100110011
00100100110100
00100100110101
00100100110110
00100101001111
00100101010000
00100101010001
00100101010010
00100101010011
00100101010100
00100101010101
00100101010110
00100101010111
00100101011100
00100101011101
00100101011110
00100101011111
00100101100001
00100101100010
00100101100100
00100101100101
00100101100110
00100101100111
00100101101000
00100101101010
00100101101011
00100101101100
00100101101101
00100101110100
00100101111010
00100101111100
00100110011100
00100110011101
00100110011110
00100110011111
00100110100000
00100110100001
00100110100010
00100110100011
00100110100111
00100110101000
00100110101001
00100110101010
00100110101011
00100110101100
00100110101101
00100110101110
00100110110001
00100110110010
00100110110011
00100110110101
00100110110110
00100110110111
00100110111000
00100110111001
00100110111010
00100110111011
00100110111100
00100110111101
00100111000001
00100111000011
00100111000101
00100111101010
00100111101011
00100111101100
00100111101101
00100111101111
00100111110010
00100111110011
00100111110100
00100111110101
00100111110110
00100111110111
00100111111000
00100111111001
00100111111010
00100111111011
00100111111100
00100111111101
00100111111110
00101000000000
00101000000001
00101000000010
00101000000011
00101000000101
00101000000110
00101000000111
00101000001001
00101000001010
00101000001011
00101000001100
00101000001101
00101000001110
00101000001111
00101000010000
00101000010001
00101000010010
00101000010011
00101000010101
00101000010110
00101000010111
00101000011000
00101000011101
00101000011110
00101000011111
00101000100000
00101000100001
00101000100010
00101000111100
00101000111101
00101000111110
00101000111111
00101001000000
00101001000001
00101001000010
00101001000100
00101001000101
00101001000110
00101001001000
00101001001001
00101001001010
00101001001100
00101001001101
00101001001110
00101001001111
00101001010000
00101001010001
00101001010011
00101001010100
00101001010101
00101001010110
00101001010111
00101001011010
00101001011011
00101001011101
00101001011111
00101001100000
00101001100001
00101001100010
00101001100011
00101001100100
00101001100101
00101001100110
00101001100111
00101001101000
00101001101001
00101001101010
00101001101011
00101001101101
00101010001101
00101010001110
00101010001111
00101010010000
00101010010011
00101010010100
00101010010101
00101010011000
00101010011001
00101010011010
00101010011011
00101010011100
00101010011101
00101010011110
00101010011111
00101010100000
00101010100100
00101010100101
00101010100110
00101010100111
00101010101000
00101010101010
00101010101011
00101010101100
00101010101101
00101010101111
00101010110000
00101010110001
00101010110010
00101010110110
00101010110111
00101010111000
00101010111001
00101010111010
00101010111011
00101011011110
00101011011111
00101011100000
00101011100011
00101011100100
00101011100101
00101011100110
00101011100111
00101011101000
00101011101001
00101011101010
00101011101011
00101011101111
00101011110000
00101011110001
00101011110010
00101011110011
00101011110100
00101011110101
00101011110111
00101011111001
00101011111010
00101011111011
00101011111100
00101011111101
00101011111110
00101011111111
00101100000000
00101100000001
00101100000010
00101100000011
00101100000110
00101100000111
00101100001000
00101100001001
00101100001010
00101100001011
00101100001100
00101100101100
00101100101101
00101100101110
00101100101111
00101100110000
00101100110001
00101100110010
00101100110011
00101100110100
00101100110101
00101100110110
00101100110111
00101100111011
00101100111100
00101100111101
00101100111111
00101101000000
00101101000100
00101101000101
00101101000110
00101101000111
00101101001000
00101101001001
00101101001010
00101101001110
00101101001111
00101101010000
00101101010001
00101101010010
00101101010011
00101101010100
00101101010101
00101101010110
00101101010111
00101101011000
00101101011001
00101101011010
00101101011011
00101101011100
00101101011101
00101101111110
00101101111111
00101110000000
00101110000001
00101110000110
00101110000111
00101110001000
00101110001001
00101110001010
00101110001011
00101110001111
00101110010001
00101110010010
00101110010011
00101110010100
00101110010101
00101110011001
00101110011010
00101110011011
00101110011100
00101110011101
00101110011110
00101110011111
00101110100000
00101110100101
00101110100110
00101110100111
00101110101000
00101110101001
00101110101010
00101111010000
00101111010001
00101111010010
00101111010011
00101111010100
00101111010101
00101111010110
00101111011010
00101111011011
00101111011100
00101111011101
00101111011110
00101111011111
00101111100000
00101111100010
00101111100011
00101111100100
00101111100101
00101111100110
00101111100111
00101111101000
00101111101001
00101111101010
00101111101111
00101111110000
00101111110001
00101111110010
00101111110011
00101111110100
00101111110101
00101111110110
00101111110111
00101111111000
00110000011101
00110000011110
00110000011111
00110000100000
00110000100010
00110000100101
00110000100110
00110000100111
00110000101000
00110000101001
00110000101010
00110000101011
00110000101100
00110000101101
00110000101111
00110000110000
00110000110011
00110000110100
00110000110111
00110000111000
00110000111001
00110000111010
00110000111011
00110000111100
00110000111101
00110000111110
00110000111111
00110001000000
00110001000001
00110001000111
00110001001000
00110001001001
00110001001010
00110001001011
00110001001100
00110001101110
00110001101111
00110001110000
00110001110001
00110001110010
00110001110011
00110001110100
00110001110101
00110001110110
00110001110111
00110001111000
00110001111010
00110001111011
00110001111100
00110001111101
00110001111111
00110010000000
00110010000001
00110010000010
00110010000011
00110010000100
00110010000101
00110010000111
00110010001000
00110010001001
00110010001010
00110010001100
00110010001101
00110010001110
00110010001111
00110010010000
00110010010001
00110010010010
00110010010011
00110010010100
00110010010101
00110010010110
00110010010111
00110010011000
00110010011001
00110010011010
00110010111011
00110010111100
00110010111101
00110010111110
00110010111111
00110011000000
00110011000001
00110011000010
00110011000011
00110011000101
00110011000110
00110011000111
00110011001000
00110011001010
00110011001011
00110011001100
00110011001110
00110011001111
00110011010010
00110011010011
00110011010100
00110011010101
00110011010110
00110011010111
00110011011000
00110011011001
00110011011010
00110011011101
00110011011110
00110011011111
00110011100011
00110011100100
00110011100101
00110011100110
00110011100111
00110011101000
00110011101001
00110011101010
00110011101011
00110011101100
00110011101101
00110011101110
00110011101111
00110011110000
00110011110001
00110100010000
00110100010001
00110100010010
00110100010110
00110100010111
00110100011000
00110100011001
00110100011010
00110100011011
00110100011100
00110100011101
00110100011110
00110100100000
00110100100001
00110100100010
00110100100110
00110100100111
00110100101000
00110100101001
00110100101010
00110100101011
00110100101100
00110100101101
00110100101110
00110100101111
00110100110000
00110100110001
00110100110011
00110100110100
00110100110101
00110100110110
00110100110111
00110100111000
00110100111001
00110100111010
00110101011110
00110101011111
00110101100000
00110101100001
00110101100010
00110101100011
00110101100100
00110101100101
00110101100110
00110101100111
00110101101000
00110101101001
00110101101101
00110101101110
00110101101111
00110101110000
00110101110001
00110101110010
00110101110011
00110101110100
00110101110101
00110101110110
00110101110111
00110101111000
00110101111100
00110101111101
00110101111110
00110101111111
00110110000000
00110110000001
00110110000010
00110110000011
00110110000100
00110110000101
00110110000110
00110110000111
00110110001000
00110110001001
00110110001010
00110110001011
00110110101011
00110110101100
00110110101101
00110110101110
00110110101111
00110110110000
00110110110001
00110110110010
00110110110011
00110110110101
00110110110111
00110110111000
00110110111001
00110110111010
00110110111011
00110110111100
00110110111101
00110110111110
00110110111111
00110111000000
00110111000100
00110111000101
00110111000110
00110111000111
00110111001000
00110111001001
00110111001010
00110111001011
00110111001100
00110111001101
00110111010100
00110111010101
00110111010110
00110111010111
00110111011000
00110111011001
00110111011010
00110111011011
00110111011100
00110111011101
00110111011110
00110111011111
00110111100000
00110111100001
00110111100010
00110111100011
00111000000010
00111000000011
00111000000100
00111000000101
00111000000110
00111000000111
00111000001000
00111000001001
00111000001010
00111000001011
00111000001111
00111000010000
00111000010001
00111000010010
00111000010011
00111000010100
00111000010101
00111000011010
00111000011011
00111000011100
00111000011101
00111000011110
00111000011111
00111000100000
00111000100001
00111000100010
00111000100011
00111000100100
00111000100101
00111000100110
00111000100111
00111001001110
00111001001111
00111001010000
00111001010001
00111001010010
00111001010011
00111001010100
00111001010101
00111001011010
00111001011011
00111001011100
00111001011101
00111001011110
00111001011111
00111001100000
00111001100010
00111001100011
00111001100100
00111001100101
00111001100110
00111001100111
00111001101000
00111001101001
00111001101010
00111001101011
00111001110001
00111001110010
00111001110011
00111001110100
00111001110101
00111001110110
00111001110111
00111001111000
00111001111001
00111001111010
00111001111011
00111001111100
00111010100100
00111010100101
00111010100110
00111010100111
00111010101000
00111010101001
00111010101010
00111010101011
00111010101100
00111010101101
00111010110000
00111010110010
00111010110011
00111010110100
00111010110101
00111010110111
00111010111000
00111010111001
00111010111010
00111010111011
00111010111100
00111010111101
00111010111110
00111010111111
00111011000000
00111011000001
00111011000010
00111011000011
00111011101100
00111011101101
00111011101110
00111011101111
00111011110000
00111011110001
00111011110010
00111011110011
00111011110100
00111011110101
00111011110110
00111011110111
00111011111000
00111011111010
00111011111011
00111011111100
00111011111101
00111011111111
00111100000000
00111100000001
00111100000010
00111100000011
00111100000100
00111100000101
00111100001000
00111100001001
00111100001010
00111100001011
00111100001110
00111100001111
00111100010000
00111100010001
00111100010010
00111100010011
00111100010100
00111100010101
00111100010110
00111100010111
00111100011000
00111100011001
00111100011010
00111100011011
00111100011100
00111100011101
00111100011110
00111100011111
00111100100000
00111100100001
00111100100010
00111100100011
00111100111101
00111100111110
00111100111111
00111101000000
00111101000001
00111101000100
00111101000101
00111101000110
00111101000111
00111101001010
00111101001011
00111101001100
00111101001101
00111101001110
00111101001111
00111101010010
00111101010100
00111101010101
00111101010110
00111101010111
00111101011000
00111101011001
00111101011010
00111101011011
00111101011100
00111101011111
00111101100000
00111101100001
00111101100010
00111101100111
00111101101000
00111101101001
00111101101010
00111101101011
00111101101100
00111101101101
00111101101110
00111110001100
00111110001101
00111110001110
00111110001111
00111110010000
00111110010011
00111110010100
00111110010101
00111110010110
00111110010111
00111110011000
00111110011001
00111110011010
00111110011011
00111110011100
00111110011101
00111110011110
00111110100000
00111110100001
00111110100010
00111110100111
00111110101000
00111110101010
00111110101011
00111110101100
00111110101101
00111110101110
00111110101111
00111110110000
00111110110001
00111110110010
00111110110011
00111110110100
00111110110101
00111110111000
00111110111001
00111110111010
00111110111011
00111110111100
00111110111101
00111110111110
00111110111111
00111111000000
00111111000001
00111111000010
00111111000011
00111111100000
00111111100001
00111111100010
00111111100011
00111111100100
00111111100101
00111111100110
00111111100111
00111111101000
00111111101100
00111111101101
00111111101110
00111111101111
00111111110110
00111111110111
00111111111000
00111111111001
00111111111110
00111111111111
01000000000000
01000000000001
01000000000010
01000000000011
01000000000100
01000000000101
01000000000110
01000000000111
01000000001000
01000000001001
01000000101101
01000000101110
01000000101111
01000000110000
01000000110001
01000000110110
01000000110111
01000000111000
01000000111001
01000000111010
01000001001100
01000001001101
01000001001110
01000001001111
01000001010000
01000001010001
01000001011000
01000001011001
01000001011010
01000001011011
01000001011100
01000001011101
01000001011110
01000001011111
01000001100000
01000001100001
01000001111110
01000001111111
01000010000000
01000010000001
01000010000010
01000010100101
01000010100110
01000010100111
01000010101000
01000010101001
01000010101010
01000010101011
01000010101100
01000010101101
01000010101110
01000010101111