00001110000100 
00001110000100 
00001110000100 
00001110000100 
00001110000100 
00001110000100 
00110011000001 
00010000011110 
00001110000100 
00001110000100 
00001110000100 
00001110000100 
00001110000100 
00001111010000 
00001111010000 
00001111010000 
00001111010000 
00110011000001 
00001111010000 
00001111010000 
00001111010000 
00010000011111 
00010000011111 
00010000011111 
00010000011111 
00010001101101 
00010001101101 
00010110111111 
00010010111101 
00010010111101 
00010011001111 
00010110101011 
00010100001100 
00011001011110 
00010100011111 
00010101011100 
00010101011100 
00011011111110 
00010110101011 
00010110101100 
00011001011110 
00010111000000 
00010111000000 
00011001001011 
00010111111100 
00011000010000 
00011000010000 
00011001001100 
00011001011111 
00011010101111 
00011010101111 
00011011111111 
00011011111111 
00011011111111 
00100111110100 
00011101001110 
00011101001110 
00011101001110 
00011110011101 
00011110011011 
00110011000001 
00011110011101 
00011110011101 
00011110011101 
00011110011101 
00011111101011 
00011111101011 
00011111101011 
00011111101011 
00011111101011 
00011111101011 
00011111101011 
00011111101011 
00011111101011 
00011111101011 
00011111101011 
00100000110111 
00100000110111 
00100000110111 
00100000110111 
00101111110000 
00100010100111 
00100010100111 
00100010100111 
00100011110111 
00100011110111 
00100010100111 
00100010100111 
00100010100111 
00101000110001 
00100010100111 
00100011110111 
00100011110111 
00100011110111 
00100011110111 
00100011110111 
00100011110111 
00100011110111 
00100011110111 
00100011110111 
00100011110111 
00100011110101 
00101010000001 
00100011110101 
00100011110111 
00100011110111 
00100011110111 
00100101000101 
00100101000101 
00100101000100 
00101101010101 
00100101000100 
00100101000101 
00100101000101 
00100110010100 
00100110010011 
00100110010100 
00100110010100 
00100110111011 
00100111100011 
00100111100011 
00100111110101 
00101000110010 
00101010010100 
00101001000101 
00101101010010 
00101010000001 
00101010010100 
00101010000010 
00101011100101 
00101011010001 
00101101010010 
00101101010010 
00101101010010 
00101101010010 
00101100100001 
00101011010010 
00101011100110 
00101011100110 
00101101010010 
00101101010010 
00101101010010 
00101101010010 
00101110100000 
00101100100010 
00101100110101 
00101110100110 
00101101010010 
00101101010010 
00101101010010 
00101101010110 
00101101010110 
00101110100110 
00101110000101 
00101110100110 
00101110100110 
00101110100110 
00101110100111 
00101110100111 
00101110100111 
00101111010101 
00101111010101 
00101111110110 
00101111110111 
00101111110110 
00101111110111 
00101111110111 
00101111110111 
00101111110111 
00110000100100 
00110000100100 
00110001000110 
00110001000110 
00110001000110 
00110001000110 
00110001000110 
00110001000110 
00110001110011 
00110001110011 
00110001110011 
00110001110011 
00110010010110 
00110010010110 
00110010010110 
00110010010110 
00110010010110 
00110011000010 
00110011000010 
00110011000010 
00110011000010 
00110011000010 
00110011000010 
00110011000010 
00110011000010 
00110100001111 
00110100001111 
00110100001111 
00110100001111 
00110100001111 
00110100001111 
00110100001111 
00110100001111 
