00110110010110 
00101100100110 
00101010000011 
00101111010101 
00111110010000 
00101100110101 
00111010011100 
00101110000110 
00101100110110 
01000101110110 
00111010011100 
00110100010001 
00101100110110 
01000101110110 
00111010011100 
00110010111000 
00101100110110 
00110010111101 
00111010011100 
00101100110110 
00100111100011 
00101010000011 
00110101011101 
00110011000001 
00101010000011 
01001001101000 
00110001101001 
00110001110011 
00101010010111 
00111001010111 
00101100100100 
00101010000011 
00111110010001 
00111001000100 
00110001101100 
00101001001000 
00101010011000 
00110110011000 
00101010000011 
00110110010110 
00110001101100 
00110001101100 
00111010100100 
00111010001001 
00101100110110 
00101001001001 
00101011010011 
00110001101100 
00101111010101 
00101001001000 
00110001101100 
00111010001000 
00111011101010 
00110110011010 
00101100110110 
00110111110011 
00101010000011 
00110111101011 
00111001010111 
00110111110111 
00110110101111 
00111110001001 
00110110011000 
00111000111011 
00101100110111 
00110101010111 
00100111100011 
00110101011001 
00110110011000 
00101010000010 
00111110010001 
00111110010001 
01001000000001 
00101110000100 
00101100100100 
00111000111011 
00111000111101 
00110111110001 
00110100001001 
00110101011100 
00110110101110 
00110111101100 
00110111110111 
00111010001000 
00111010001000 
00110101011011 
00111000111101 
00101100110111 
00110111101100 
00110001101100 
00110101011100 
00110101010111 
00111010100100 
00111011101001 
00110100001110 
00110010111011 
00110101001000 
00110111110011 
00110011111000 
00110111101000 
00110111101000 
00111010001000 
00111010001000 
00110001101100 
00110001101100 
00110110101111 
00110001101100 
00110001101100 
00111001010111 
00110110101000 
00110101010111 
00111000000011 
00110110101111 
00111001000100 
00110001101101 
00110110101001 
00110110110000 
00110100001110 
00111010001000 
01000100100011 
00110101011011 
00110001101100 
00101001001000 
00110110101111 
00110001101100 
00111000000010 
00111000111101 
00111010001000 
00111010001000 
00110001101100 
00110100001011 
00110001101100 
00110001101100 
00110001101100 
00110110101111 
00110101001000 
00111000000010 
00110111101010 
00111010011100 
00110111110010 
00110001101100 
00111001010011 
00111010011011 
00111001010011 
00110101011100 
00110100001110 
00110011111000 
00110101011001 
00111010001000 
00111001000100 
00110111110111 
00110001101100 
01001000000001 
00110110011010 
00111010011100 
01000100010100 
00101100110110 
00110110101110 
00110001101100 
01000100010100 
00111001001111 
00110111101000 
00110101011001 
00110100001011 
00110111101011 
00111011110001 
00110001101100 
00110001101100 
00110101010111 
00110101011100 
00111000111011 
00101010010111 
00111001001010 
00110110110101 
00111100111000 
01001001101000 
00110001101100 
00110110011100 
00101100100110 
00110010111000 
00111011110001 
00101100110110 
00110100001011 
00111010001000 
00110001101100 
00111011110000 
00111110001001 
00101100110111 
00110111101010 
00110001101100 
00101100110110 
01000001110111 
00110111110111 
00111010001000 
00110111110010 
00110010111000 
00110011000001 
00101011100111 
00110011000001 
00110001101100 
00110100001011 
00111010011100 
01001000000001 
00111010001000 
00110010111011 
00110100001111 
00101010000011 
00101010000100 
00101101110101 
01001000010111 
00101100110111 
00101010000011 
00110101011000 
00111110010000 
00101001001001 
00110111110010 
00110101010111 
00111110010001 
00111110001110 
00110101010111 
01001000000011 
00101101110101 
00111110001001 
00101001001001 
00101010010111 
00101001001000 
00111011101110 
00101100110110 
00101100110110 
00110011000010 
00111011101111 
00101100110110 
00101010000011 
00111001000100 
00110100010001 
00110100001111 
00100111100100 
00100111100100 
00101000110100 
00101000110100 
00101001001010 
00101001001010 
00101010000101 
00101010000101 
00101010000101 
00101010011010 
00101010011010 
00101010011010 
00101011010110 
00101011010110 
00101011010110 
00101011101000 
00101011101000 
00101100100111 
00101100100111 
00101100100111 
00101100111000 
00101100111000 
00101100111000 
00101101111000 
00101101111000 
00101101111000 
00101110000111 
00101110000111 
00101110000111 
00101111001000 
00101111001000 
00101111010110 
00101111010110 
00101111010110 
00110000011001 
00110000011001 
00110000100101 
00110000100101 
00110000100101 
00110001101010 
00110001101010 
00110001110000 
00110001110000 
00110001110000 
00110001110000 
00110001110000 
00110001110100 
00110001110100 
00110010111111 
00110010111111 
00110010111111 
00110010111111 
00110010111111 
00110010111111 
00110010111111 
00110011000011 
00110011000011 
00110011111010 
00110011111010 
00110100010010 
00110100010010 
00110100010010 
00110100010010 
00110100010010 
00110100010010 
00110100010010 
00110100010010 
00110100010010 
00110101001010 
00110101001010 
00110101011110 
00110101011110 
00110101011110 
00110101011110 
00110101011110 
00110101011110 
00110101011110 
00110101011110 
00110101100001 
00110101100001 
00110110011101 
00110110011101 
00110110011101 
00110110011101 
00110110011101 
00110110011101 
00110110011101 
00110110110110 
00110110110110 
00110110110110 
00110110110110 
00110110110110 
00110110110110 
00110110110110 
00110110110110 
00110110110110 
00110110110110 
00110110110110 
00110110110110 
00110110110110 
00110110110110 
00110110110110 
00110110110110 
00111000001001 
00111000001001 
00111000001001 
00111000001001 
00111000001001 
00111000001001 
00111000001001 
00111000001001 
00111000001001 
00111000001001 
00111000001001 
00111000001001 
00111000001001 
00111000001001 
00111000001001 
00111000001001 
00111000001001 
00111000001001 
00111000001001 
00111000001001 
00111000001001 
00111000001001 
00111000001001 
00111000001001 
00111000001001 
00111000001001 
00111000001001 
00111000001001 
00111000001001 
00111000001001 
00111000001001 
00111000001001 
00111000001001 
00111000001001 
00111001011001 
00111001011001 
00111001011001 
00111001011001 
00111001011001 
00111001011001 
00111001011001 
00111001011001 
00111001011001 
00111001011001 
00111001011001 
00111001011001 
00111001011001 
00111001011001 
00111001011001 
00111001011001 
00111001011001 
00111001011001 
00111001011001 
00111001011001 
00111001011001 
00111001011001 
00111001011001 
00111001011001 
00111001011001 
00111001011001 
00111001011001 
00111001011001 
00111001011001 
00111001011001 
00111001011001 
00111001011001 
00111001011001 
00111001011001 
00111010001011 
00111010001011 
00111010001011 
00111010001011 
00111010100111 
00111010100111 
00111010100111 
00111010100111 
00111010100111 
00111010100111 
00111010100111 
00111010100111 
00111010100111 
00111010100111 
00111010100111 
00111010100111 
00111010100111 
00111010100111 
00111010100111 
00111010100111 
00111010100111 
00111010100111 
00111011011010 
00111011011010 
00111011110101 
00111011110101 
00111011110101 
00111011110101 
00111011110101 
00111011110101 
00111011110101 
00111011110101 
00111011110101 
00111011110101 
00111011110101 
00111011110101 
00111011110101 
00111011110101 
00111011110101 
00111100101010 
00111100101010 
00111100111110 
00111100111110 
00111100111110 
00111100111110 
00111100111110 
00111100111110 
00111100111110 
00111101000001 
00111101000001 
00111101111010 
00111101111010 
00111110010010 
00111110010010 
00111110010010 
00111110010010 
00111110010010 
00111110010010 
00111110010010 
00111110010010 
00111110010010 
00111110010010 
00111111011010 
00111111011010 
00111111011010 
00111111011110 
00111111011110 
00111111011110 
00111111100011 
00111111100011 
00111111100011 
01000000101001 
01000000101001 
01000000101001 
01000000110000 
01000000110000 
01000000110000 
01000000110000 
01000000110000 
01000000110011 
01000000110011 
01000001111000 
01000001111000 
01000010000100 
01000010000100 
01000011000111 
01000011000111 
01000011010101 
01000011010101 
01000100010110 
01000100010110 
01000100100110 
01000100100110 
01000100100110 
01000101100110 
01000101100110 
01000101100110 
01000101110111 
01000101110111 
01000101110111 
01000110110101 
01000110110101 
01000110110101 
01000111001000 
01000111001000 
01000111001000 
01001000000100 
01001000000100 
01001000000100 
01001000011001 
01001000011001 
01001000011001 
01001001101001 
01001001101001 
01001010111000 
