00000001100110
00000010110101
00000010110110
00000010110111
00000011001011
00000100000110
00000100000111
00000100001000
00000100011011
00000100011100
00000101010111
00000101011000
00000101101010
00000101101011
00000110101000
00000110111000
00000110111001
00000110111010
00000111111001
00001000001000
00001001001001
00001001001010
00001001001011
00001001010111
00001010011011
00001010011100
00001010100000
00001010100001
00001010100110
00001010100111
00001011101011
00001011101100
00001011101101
00001011101111
00001011110000
00001011110101
00001011110110
00001100111100
00001100111101
00001100111110
00001100111111
00001101000000
00001101000001
00001101000100
00001101000101
00001101000110
00001101111011
00001101111100
00001101111101
00001110001101
00001110001111
00001110010000
00001110010001
00001110010011
00001110010100
00001111001011
00001111001100
00001111001101
00001111011010
00001111011100
00001111011101
00001111011110
00001111011111
00001111100000
00001111100001
00001111100011
00010000011010
00010000011011
00010000011100
00010000011101
00010000011110
00010000011111
00010000101010
00010000101011
00010000101100
00010000101101
00010000101110
00010000101111
00010000110000
00010000110001
00010000110010
00010000110011
00010000110100
00010000110101
00010000110110
00010000110111
00010000111000
00010000111001
00010001101011
00010001101100
00010001101101
00010001101110
00010001101111
00010001110000
00010001110001
00010001110010
00010001110011
00010001110100
00010001110101
00010001110110
00010001110111
00010001111000
00010001111001
00010001111010
00010001111011
00010001111100
00010001111101
00010001111110
00010001111111
00010010000000
00010010000001
00010010000010
00010010000011
00010010000100
00010010000101
00010010000110
00010010000111
00010010001001
00010010001010
00010010111011
00010010111101
00010010111110
00010011000000
00010011000001
00010011000010
00010011000011
00010011000100
00010011000101
00010011000110
00010011000111
00010011001000
00010011001001
00010011001010
00010011001011
00010011001100
00010011001101
00010011001110
00010011001111
00010011010000
00010011010001
00010011010010
00010011010100
00010011010101
00010011010110
00010011010111
00010011011001
00010011011010
00010100001011
00010100001100
00010100011010
00010100011011
00010100011100
00010100011101
00010100011110
00010100011111
00010100100000
00010100100001
00010100100010
00010100100100
00010100100101
00010100100110
00010100101000
00010101011011
00010101011100
00010101011101
00010101101010
00010101101100
00010101101101
00010101101110
00010101101111
00010101110000
00010101110010
00010101110011
00010101110100
00010101110110
00010101110111
00010110101100
00010110101101
00010110111010
00010110111011
00010110111100
00010110111101
00010110111110
00010110111111
00010111000000
00010111000010
00010111000011
00010111000100
00010111111011
00010111111100
00011000001100
00011000001101
00011000001111
00011000010000
00011000010001
00011000010010
00011000010011
00011000010100
00011001011011
00011001011111
00011001100000
00011001100100
00011010101010
00011010101111
00011010110000
00011010110100
00011010110101
00011010110110
00011011111001
00011011111010
00011011111011
00011100000110
00011101001000
00011101001001
00011101001010
00011101010110
00011101010111
00011101011000
00011110010111
00011110011000
00011110011001
00011110100111
00011110101000
00011110101001
00011111100111
00011111111000
00011111111001
00100000110110
00100001001001
00100001001010
00100010000100
00100010000101
00100010011010
00100011101010
00100011101011
00100100111011
00100111100010
00100111100011
00101000110010
00101000110011
00101001001000
00101001001001
00101010000010
00101010000011
00101010000100
00101010010111
00101010011000
00101010011001
00101011010011
00101011010100
00101011010101
00101011100110
00101011100111
00101100100100
00101100100101
00101100100110
00101100110101
00101100110110
00101100110111
00101101110101
00101101110110
00101101110111
00101110000100
00101110000101
00101110000110
00101111000110
00101111000111
00101111010011
00101111010100
00101111010101
00110000010111
00110000011000
00110000100010
00110000100011
00110000100100
00110001101000
00110001101001
00110001101011
00110001101100
00110001101101
00110001101110
00110001101111
00110001110010
00110001110011
00110010111000
00110010111001
00110010111010
00110010111011
00110010111100
00110010111101
00110010111110
00110011000001
00110011000010
00110011111000
00110011111001
00110100001001
00110100001010
00110100001011
00110100001100
00110100001101
00110100001110
00110100001111
00110100010000
00110100010001
00110101001000
00110101001001
00110101010110
00110101010111
00110101011000
00110101011001
00110101011010
00110101011011
00110101011100
00110101011101
00110101011111
00110101100000
00110110010110
00110110010111
00110110011000
00110110011001
00110110011010
00110110011011
00110110011100
00110110100110
00110110100111
00110110101000
00110110101001
00110110101010
00110110101011
00110110101100
00110110101101
00110110101110
00110110101111
00110110110000
00110110110001
00110110110010
00110110110011
00110110110100
00110110110101
00110111100111
00110111101000
00110111101001
00110111101010
00110111101011
00110111101100
00110111101101
00110111101110
00110111101111
00110111110000
00110111110001
00110111110010
00110111110011
00110111110100
00110111110101
00110111110110
00110111110111
00110111111000
00110111111001
00110111111010
00110111111011
00110111111100
00110111111101
00110111111110
00110111111111
00111000000000
00111000000001
00111000000010
00111000000011
00111000000100
00111000000101
00111000000110
00111000000111
00111000001000
00111000110111
00111000111000
00111000111001
00111000111010
00111000111011
00111000111100
00111000111101
00111000111110
00111000111111
00111001000000
00111001000001
00111001000010
00111001000011
00111001000100
00111001000101
00111001000110
00111001000111
00111001001000
00111001001001
00111001001010
00111001001011
00111001001100
00111001001101
00111001001110
00111001001111
00111001010000
00111001010001
00111001010010
00111001010011
00111001010100
00111001010101
00111001010110
00111001010111
00111001011000
00111010000111
00111010001000
00111010001001
00111010001010
00111010010101
00111010010110
00111010010111
00111010011000
00111010011001
00111010011010
00111010011011
00111010011100
00111010011101
00111010011110
00111010011111
00111010100000
00111010100001
00111010100010
00111010100011
00111010100100
00111010100101
00111010100110
00111011011000
00111011011001
00111011100110
00111011100111
00111011101000
00111011101001
00111011101010
00111011101011
00111011101100
00111011101101
00111011101110
00111011101111
00111011110000
00111011110001
00111011110010
00111011110011
00111011110100
00111100101000
00111100101001
00111100110111
00111100111000
00111100111001
00111100111010
00111100111011
00111100111100
00111100111101
00111100111111
00111101000000
00111101111000
00111101111001
00111110001000
00111110001001
00111110001010
00111110001011
00111110001100
00111110001101
00111110001110
00111110001111
00111110010000
00111110010001
00111111010111
00111111011000
00111111011001
00111111011011
00111111011100
00111111011101
00111111100000
00111111100001
00111111100010
01000000100110
01000000100111
01000000101000
01000000101011
01000000101100
01000000101101
01000000101110
01000000101111
01000000110001
01000000110010
01000001110110
01000001110111
01000010000010
01000010000011
01000011000101
01000011000110
01000011010011
01000011010100
01000100010100
01000100010101
01000100100011
01000100100100
01000100100101
01000101100011
01000101100100
01000101100101
01000101110100
01000101110101
01000101110110
01000110110010
01000110110011
01000110110100
01000111000101
01000111000110
01000111000111
01001000000001
01001000000010
01001000000011
01001000010110
01001000010111
01001000011000
01001001100111
01001001101000
01001010110111