00001100110000
00001100110001
00001100110010
00001100110011
00001100110100
00001100110101
00001100110110
00001100110111
00001101111101
00001101111110
00001101111111
00001110000000
00001110000001
00001110000010
00001110000011
00001110000110
00001110000111
00001110001000
00001110001001
00001110001010
00001111001100
00001111001101
00001111001110
00001111001111
00001111011010
00001111011011
00010000011011
00010000011100
00010000011101
00010000011110
00010000101100
00010001101010
00010001101011
00010001101100
00010001111101
00010010111010
00010010111011
00010010111100
00010011001101
00010011001110
00010100001010
00010100001011
00010100011101
00010100011110
00010101011010
00010101011011
00010101101110
00010110101010
00010110101011
00010110111101
00010110111110
00010110111111
00010111111010
00010111111011
00011000001101
00011000001110
00011000001111
00011001001010
00011001001011
00011001011101
00011001011110
00011010011011
00011010101100
00011010101101
00011010101110
00011011101100
00011011111011
00011011111100
00011011111101
00011011111110
00011100111101
00011101001010
00011101001011
00011101001100
00011101001101
00011110001110
00011110001111
00011110010000
00011110010111
00011110011000
00011110011001
00011110011010
00011110011011
00011110011100
00011111100000
00011111100001
00011111100010
00011111100011
00011111100100
00011111100101
00011111100110
00011111100111
00011111101000
00011111101001
00011111101010
00100000110011
00100000110100
00100000110101
00100000110110
00100001010101
00100001010110
00100001010111
00100001011000
00100001011001
00100001011010
00100001011011
00100001011100
00100001011101
00100001011110
00100010100011
00100010100100
00100010100101
00100010100110
00100010100111
00100010101000
00100010101001
00100010101010
00100010101011
00100010101100
00100010101101
00100010101110
00100010101111
00100010110000
00100011110010
00100011110011
00100011110100
00100011110101
00100011110110
00100011111111
00100100000000
00100100000001
00100101000001
00100101000010
00100101000011
00100101000100
00100101010001
00100101010010
00100110010000
00100110010001
00100110010010
00100110010011
00100110100010
00100110100011
00100111100000
00100111100001
00100111100010
00100111110011
00100111110100
00101000110000
00101000110001
00101001000011
00101001000100
00101001100000
00101001100001
00101001100010
00101010000000
00101010000001
00101010010100
00101010101110
00101010101111
00101010110000
00101010110001
00101010110010
00101010110011
00101011010000
00101011010001
00101011100100
00101011100101
00101011111110
00101011111111
00101100000000
00101100000001
00101100000010
00101100000011
00101100100000
00101100100001
00101100110011
00101100110100
00101101001110
00101101001111
00101101010000
00101101010001
00101101010011
00101101010100
00101101010101
00101101110001
00101110000011
00101110000100
00101110011110
00101110011111
00101110100000
00101110100010
00101110100011
00101110100100
00101110100101
00101110100110
00101111000001
00101111010010
00101111010011
00101111010100
00101111110000
00101111110001
00101111110010
00101111110011
00101111110100
00101111110101
00101111110110
00110000010010
00110000100001
00110000100010
00110000100011
00110001000000
00110001000001
00110001000010
00110001000011
00110001000100
00110001000101
00110001100011
00110001100100
00110001101111
00110001110000
00110001110001
00110001110010
00110010010001
00110010010010
00110010010011
00110010010100
00110010010101
00110010110100
00110010110101
00110010110110
00110010110111
00110010111101
00110010111110
00110010111111
00110011000000
00110011000001
00110100000111
00110100001000
00110100001001
00110100001010
00110100001011
00110100001100
00110100001101
00110100001110